-0.279374 -0.334134 0.0731596 -0.729773 -0.364327 -0.00303987 0.314654 -0.0144236 -0.210741 0.492403
0.0729471 -0.334134 0.0731596 -0.729773 -0.519088 -0.00303987 0.314654 -0.0144236 0.437513 0.492403
0.0729471 -0.334134 0.0731596 -0.729773 -0.519088 -0.00303987 0.314654 -0.0144236 0.437513 0.492403
0.0729471 -0.334134 0.0731596 -0.729773 -0.519088 -0.00303987 0.314654 -0.0144236 0.437513 0.492403
0.0729471 -0.0543751 0.0731596 -0.233699 -0.519088 0.288476 0.314654 -0.0144236 0.437513 0.492403
0.0729471 -0.0543751 0.0731596 -0.233699 -0.519088 0.288476 0.314654 -0.0144236 0.437513 0.492403
-0.166153 -0.0543751 0.0731596 -0.233699 -0.519088 0.288476 0.314654 -0.0144236 0.437513 0.492403
-0.166153 -0.0543751 0.0731596 -0.233699 -0.519088 0.288476 0.314654 -0.0144236 0.33947 0.492403
-0.166153 -0.0543751 0.0731596 -0.233699 -0.519088 0.288476 0.314654 -0.0144236 0.33947 0.492403
-0.166153 -0.0543751 0.0731596 -0.233699 -0.519088 0.288476 0.314654 -0.0144236 0.33947 0.492403
