0.227273 0.471935 0.155556 0.460553 0.176471 0.455139 0.111111 0.451887 0.277778 0.470821 0.25641 0.475948
0.217391 0.471935 0.152174 0.460553 0.188679 0.455139 0.108696 0.451887 0.272727 0.470821 0.25 0.472296
0.22449 0.471935 0.16 0.454976 0.2 0.455139 0.102041 0.451887 0.263158 0.470821 0.285714 0.472296
0.22449 0.471935 0.156863 0.454976 0.2 0.455139 0.1 0.44631 0.258621 0.470821 0.285714 0.472296
0.22 0.466358 0.153846 0.454976 0.214286 0.455139 0.1 0.44631 0.254237 0.470821 0.302326 0.472296
0.215686 0.466358 0.150943 0.454976 0.22807 0.455139 0.1 0.44631 0.25 0.465776 0.302326 0.472296
0.226415 0.466358 0.145455 0.454976 0.233333 0.458502 0.0925926 0.44631 0.258065 0.465776 0.304348 0.472296
0.210526 0.466358 0.152542 0.454976 0.222222 0.458502 0.0847458 0.44631 0.257576 0.465776 0.32 0.476014
0.224138 0.466358 0.152542 0.454976 0.21875 0.458502 0.0833333 0.43706 0.268657 0.465776 0.32 0.476014
0.224138 0.466358 0.15 0.447828 0.230769 0.458502 0.0833333 0.43706 0.268657 0.465776 0.32 0.476014
0.220339 0.466358 0.16129 0.447828 0.227273 0.458502 0.0806452 0.43706 0.271429 0.465006 0.301887 0.476014
0.216667 0.461313 0.15873 0.447828 0.238806 0.458502 0.0793651 0.43706 0.267606 0.465006 0.296296 0.476014
0.209677 0.461313 0.166667 0.447828 0.242857 0.455808 0.0769231 0.43706 0.263889 0.465006 0.290909 0.476014
0.217391 0.461313 0.173913 0.447828 0.226667 0.455808 0.1 0.432442 0.25974 0.465006 0.266667 0.466764
0.214286 0.456694 0.173913 0.447828 0.223684 0.455808 0.1 0.432442 0.25641 0.465006 0.262295 0.466764
0.208333 0.456694 0.185714 0.447058 0.233766 0.455808 0.0985915 0.432442 0.25 0.45896 0.253968 0.466764
0.205479 0.456694 0.178082 0.447058 0.25 0.453318 0.0972222 0.432442 0.26506 0.45896 0.246154 0.466764
0.207792 0.456694 0.186667 0.447058 0.270588 0.453318 0.106667 0.432442 0.272727 0.45896 0.242857 0.460221
0.2 0.450648 0.192308 0.447058 0.267442 0.453318 0.115385 0.432442 0.266667 0.458298 0.260274 0.460221
0.197531 0.450648 0.1875 0.442791 0.264368 0.453318 0.126582 0.432442 0.263736 0.458298 0.253333 0.460221
0.197531 0.450648 0.1875 0.442791 0.261364 0.453318 0.125 0.429952 0.263736 0.458298 0.25 0.460221
0.192771 0.450648 0.204819 0.442791 0.255556 0.451 0.121951 0.429952 0.263158 0.458298 0.25641 0.460221
0.190476 0.450648 0.215909 0.442791 0.258065 0.451 0.127907 0.429952 0.263158 0.458298 0.25 0.457731
0.188235 0.450648 0.233333 0.44544 0.265957 0.451 0.125 0.429952 0.263158 0.458298 0.25 0.457731
0.183908 0.450648 0.233333 0.44544 0.28125 0.451 0.133333 0.425979 0.263158 0.458298 0.259259 0.457731
0.188889 0.445019 0.225806 0.44544 0.278351 0.451 0.131868 0.425979 0.268041 0.458298 0.261905 0.457731
0.186813 0.445019 0.223404 0.44544 0.28 0.451931 0.129032 0.425979 0.262626 0.458298 0.255814 0.457731
0.184783 0.445019 0.223404 0.44544 0.287129 0.451931 0.12766 0.425979 0.26 0.454575 0.252874 0.457731
