2.68403 -10.8449 -0.971511 -4.61248 -3.3689 1.75888 -4.79645 -1.21807 0.690901 -5.7339 1.71337 2.60085 -0.786099 0.563818 2.28591 1.74971 0.950769 1.39582 -2.90562 -2.64082 0.25809 -2.78671 -0.136824 -0.307945 0.0160368 3.8992 -1.1786 4.988 4.04361 -3.72977 1.01598 -3.19357 -2.39003 -1.8565 -4.11008 2.50667 -0.0707337 -2.80982 1.8033 0.179189 3.8765 -4.7241 -2.7391 0.0704432 -1.1831 1.90413 -0.218795 0.978317 -8.11585 3.34864 1.54732 2.55726 5.64133 1.48319 0.812201 -3.74007 -1.93926 -2.69894 -8.31581 -0.41695 -1.57764 -1.56599 -1.8084 -0.257506 -2.9982
-7.73752 2.68403 -0.971511 -3.36785 -3.3689 -1.34705 5.00619 -1.21807 0.690901 -1.42257 1.80118 3.73278 -0.786099 0.563818 -4.78277 -1.41282 0.950769 1.39582 -2.90562 -2.79016 0.25809 3.58607 1.74501 -4.00157 2.5472 2.31261 -1.6137 1.6224 -2.90146 -3.6073 -3.93365 -0.364986 -1.84121 -0.766769 -2.71124 6.14479 0.031603 -0.666969 -5.13904 1.49426 -0.086211 1.42455 1.07011 -3.46027 1.43684 0.320307 -1.39646 1.97918 -0.583083 0.0273829 -1.91157 -1.81632 -5.15132 3.62738 1.91355 -2.89052 -2.30957 -4.17746 -3.63742 0.993367 -3.758 4.19022 0.366647 -2.49834 0.258673
-7.73752 -2.22038 -1.56866 -3.36785 -3.3689 5.00619 -0.84613 -1.21807 0.690901 1.59382 0.24113 3.73278 -0.786099 0.563818 -4.78277 -1.41282 0.950769 5.81366 -2.90562 3.20693 0.25809 2.53922 -7.93553 -1.13014 -2.46341 -4.69404 0.519843 -2.36095 1.85523 2.30579 0.717822 -1.04865 3.81722 1.81842 6.20348 -4.15608 -1.15494 4.52572 -1.26502 -2.22951 1.40954 1.37815 -0.87094 -3.0888 -4.69416 6.14316 0.150877 -0.398634 -2.71669 -2.64701 -2.16207 -0.701492 0.811213 0.376375 0.911388 0.403136 4.18371 -3.12088 2.93744 1.9135 3.59516 -2.26717 -1.69809 1.16483 -0.699614
-7.69054 -2.22038 -1.56866 6.30996 0.752567 -3.37775 -0.84613 -2.74622 0.690901 0.0517996 3.38214 3.73278 -0.786099 0.563818 3.64404 -1.41282 0.950769 5.32761 -2.90562 3.20693 0.25809 3.04007 -1.48248 2.19656 -0.22981 -0.621068 -1.73539 -0.210623 0.128918 1.92611 3.67368 1.02885 2.65577 1.30287 -8.20542 3.22296 -0.579902 -1.51704 -3.87347 3.08829 1.01824 2.21074 -2.10198 1.87637 2.03389 -0.615856 -0.010492 0.528067 -0.64455 -1.83053 0.51536 -1.1082 1.73057 -0.699083 1.24864 2.94411 2.93995 7.35396 -3.79464 2.72057 -1.28037 -1.09374 3.10733 -0.174592 1.31261
-7.69054 -1.28369 -0.651719 1.37455 0.752567 0.14689 -0.0126119 -1.44289 0.690901 -1.77151 0.0517996 -4.18926 -0.786099 0.563818 6.38989 -1.41282 0.950769 -0.603407 -2.90562 3.20693 0.25809 -0.0756363 0.653009 -1.14125 2.58864 3.61216 -2.17652 -6.00545 3.49246 0.719577 -1.06535 -1.92166 1.62051 2.02295 1.73074 -4.26874 2.1028 1.82991 1.03543 -2.93577 -1.36267 -1.09039 -1.20239 1.95002 0.542255 4.57975 0.81706 0.883503 -0.603395 -1.73989 -2.05741 -0.113058 10.8032 -4.19477 -4.2865 -2.1004 -0.668976 -1.40025 -7.1601 5.8438 1.14175 4.92323 -0.164909 0.674269 -1.91483
-7.69054 0.464196 -0.651719 1.37455 -3.60196 -0.00337129 -1.19302 1.47151 -3.71986 0.690901 -0.540228 -6.56286 -0.786099 0.666505 2.86206 1.23785 0.950769 -0.603407 -2.90562 3.20693 0.25809 0.762692 2.33656 4.37339 3.55498 -0.789558 -1.02717 -0.440607 -1.7032 1.2961 0.418069 -2.93562 -1.02669 0.564184 1.60745 0.0723634 6.30674 2.10007 -0.183344 -1.38642 0.862955 -1.93458 1.8157 -0.1466 -0.633485 -4.29802 0.393285 0.928568 -0.0868564 0.445144 -1.57761 0.923306 -1.34942 0.117331 2.08753 0.905085 2.25167 -3.30033 5.79978 -0.78715 -0.674012 0.289109 6.04801 -1.51143 -3.38818
-7.69054 0.464196 -0.651719 -4.17939 -2.56012 -0.00337129 -5.39728 -0.247784 -3.71986 0.690901 0.0449237 0.487634 -0.786099 0.666505 2.86206 1.23785 0.950769 4.86818 -5.58603 -0.340883 0.25809 -1.2633 0.997204 -8.39044 3.55498 -0.789558 -0.440607 -2.55923 5.04384 0.545754 0.803245 1.68974 -2.59935 -0.433837 0.748364 1.20431 0.288859 -0.500813 0.802584 6.08058 1.35064 0.221068 -4.43813 -7.79781 1.84228 -2.6656 -6.65856 -1.58465 2.52983 -3.33268 1.5214 -1.70903 1.02203 0.283315 -0.644036 -0.0824277 -1.26367 1.36558 3.78382 0.630017 -3.21397 2.36367 0.157222 1.69601 2.70822
-7.69054 -1.36768 -0.651719 -2.56093 -1.88485 1.51967 -5.39728 -0.247784 -3.71986 0.0449237 0.690901 0.487634 -0.786099 0.666505 1.23785 2.86206 0.950769 -0.346601 -8.26223 1.3409 0.25809 -0.432618 -4.9545 -4.48302 1.89954 6.37761 1.7361 -2.32665 -1.17837 1.19645 1.11971 -2.53594 1.60607 0.548142 -0.138158 0.318477 -1.84319 -4.22532 1.37446 -2.28656 1.05315 -1.83466 1.95108 -3.79428 1.15814 -12.4905 4.62535 -2.11262 0.746627 -2.72897 -1.33901 -0.66123 3.02001 -9.57754 4.75233 4.46312 -0.583289 1.82417 2.25415 -1.03661 -0.506884 2.49504 1.15789 -2.43461 1.24307
-7.69054 0.0504376 -4.18705 -0.0481975 1.51967 0.655493 0.455077 2.64323 0.696561 0.0449237 0.690901 0.487634 -0.786099 0.950769 1.23785 -2.98524 1.82914 -2.24589 1.3409 -3.68467 0.25809 0.810116 1.09906 3.09766 -4.0244 2.68175 2.46596 0.7675 -1.85323 0.253061 0.702999 -0.975314 0.116007 2.34998 3.50362 0.0540187 0.925719 -1.92619 -1.8961 1.00353 -0.390509 1.6535 9.56244 3.44934 -1.33334 -2.87429 -1.49013 1.08927 1.55286 5.64509 -3.20548 -1.47695 -7.7889 -0.839135 -4.15696 -10.4262 3.74944 -1.74682 3.59717 -0.385229 2.12378 0.641194 -4.24802 0.71504 1.49435
-7.69054 0.0734233 -6.96047 -0.0481975 1.51967 0.655493 0.0984789 -3.55198 0.696561 0.0449237 0.690901 -0.152988 -0.786099 0.277336 1.69153 -1.44001 -6.38394 1.01215 0.487099 -3.68467 0.25809 -4.15147 -1.84706 0.481661 -2.03613 2.74447 -3.29635 -2.76437 2.21177 0.949904 -0.0166694 1.33867 6.47459 0.822664 4.4839 9.14802 2.12049 -2.64577 -1.50002 0.50004 -0.0930399 0.0881698 -1.13092 -3.89028 0.292869 0.65672 -2.61221 1.69214 -3.2063 3.20213 0.951094 4.26012 3.61587 2.91657 0.211782 -0.821695 1.14601 0.358778 -2.28307 -0.661406 -0.0254909 -0.556621 -1.55593 2.22803 5.64517
