6.0633
6.42318
6.19532
5.98716
6.39199
6.31462
6.03184
7.48803
6.33699
7.43021
6.33814
6.44392
6.13089
6.2771
6.74634
6.2179
6.28719
6.93218
6.93926
6.41123
6.9995
5.93909
6.28014
5.7936
6.71116
5.23182
4.99526
5.34408
6.177
6.88229
6.69258
6.35936
6.20886
6.0142
4.54556
5.51702
6.14613
5.46114
6.31565
6.11912
5.51501
5.69989
5.56662
5.56116
4.99954
5.47562
4.78841
5.72015
5.46807
5.94731
6.27256
5.99859
6.86654
4.46328
6.49767
5.7636
5.69934
6.2275
5.74245
5.62542
4.69441
5.01535
5.0849
6.48258
4.72812
5.01196
4.50267
4.01227
4.40318
4.23841
4.27668
4.13625
4.63103
4.76076
4.1338
4.39475
4.46117
4.37687
4.00571
5.52518
5.06029
4.765
4.69188
5.77084
5.86419
6.37323
5.70843
5.03878
5.44989
5.37657
5.85465
5.62031
6.96941
5.58714
7.07253
5.90259
6.42287
6.05463
6.71615
5.79263
