0.297783 -2.15053 -1.40866 -1.40802 -2.54966 1.34175 0.157566 1.88458 0.668776 0.752105 0.103623 1.43636 -0.510038 -2.49067 -3.98714 0.798169 2.53725 3.45449 -1.34667 -1.84529 -0.24513 -0.860922 -1.56019 -1.01074 2.81398 2.10777 6.46034 3.4728 -2.53037 -1.26223 0.636847 0.213459 8.31156 0.296796 0.888935 0.82321 -6.91542 -1.40417 -0.143987 6.46959 -3.27424 5.81691 -0.40551 2.42419 -0.624456 -5.89372 2.25313 -2.10424 0.0170189 -2.28869 -1.62174 5.21559 -3.28095 0.871209 2.43641 7.04297 2.57042 -1.96838 -0.230238 -1.28333 -2.40753 5.24779 0.173751 -1.2611 -0.36918 -0.566468 0.73339 0.788912
0.297783 1.17831 -1.40866 -1.40802 -1.95989 0.157566 1.34175 2.29466 -1.38468 0.103623 1.87892 1.43636 -0.510038 -1.25601 -2.45084 0.798169 2.53725 -0.860247 1.72574 -0.877816 1.84859 -0.728212 0.162908 0.823414 1.59268 0.00981571 0.309806 4.17531 -1.07184 -1.48867 4.32284 4.05694 0.737748 -0.446878 1.19808 -0.919963 2.40926 -0.0690019 3.9772 0.545851 3.73814 -4.31154 -1.25835 -6.51728 1.88091 -1.59861 -0.584923 0.114292 0.127012 -1.65891 2.01111 -1.6512 -0.401678 2.16881 6.04309 -2.39777 1.62723 6.65453 0.127409 -1.39605 1.22746 -1.47863 2.67746 5.28596 -1.00944 1.80402 -3.44196 -5.89943
0.297783 4.76041 0.662722 -1.40802 0.559002 0.157566 2.4712 -3.97801 -1.38468 0.161586 -3.90789 -0.0402658 1.85639 0.619023 -0.765626 0.798169 2.53725 0.256006 0.62941 1.79071 3.56625 -0.882516 -2.64733 2.32975 3.04172 1.65958 1.26838 -0.802495 -2.30482 1.42756 -3.31357 -4.43564 0.289278 -2.10694 4.45887 -2.55026 -1.79161 0.948912 3.02741 -1.74999 -1.37942 -0.0836212 -1.85286 2.49635 1.8331 0.827393 -1.73892 -2.945 3.75254 -4.0916 0.485776 -0.116537 -0.65901 2.16002 -1.86228 -0.794528 2.39862 -1.19255 2.22085 -1.58834 1.47174 -5.31954 -2.44618 7.32701 -0.0224476 -4.27717 2.52843 -1.1993
0.532443 2.42475 -0.54544 -0.0329645 -0.846694 0.157566 2.4712 -4.32884 -1.38468 0.161586 -0.618562 -0.0402658 -1.45123 1.44131 -0.765626 0.798169 1.76772 0.0829511 -1.7075 -0.615355 -1.5935 0.196122 2.72071 1.67229 3.13608 -1.09451 -2.12381 4.4126 1.3606 1.42116 -1.18586 1.94582 4.01156 0.730181 -2.66091 0.245583 2.3849 0.248169 -1.87348 3.44666 -3.32875 0.843084 -1.62633 -0.650504 1.18967 -0.703039 -1.27166 -1.11128 -1.86406 -1.82252 0.0974684 2.01574 4.86986 2.16903 0.0261405 0.755484 5.01205 1.15794 -2.1361 2.20299 -2.61748 -0.694726 2.97881 0.270382 0.962401 -2.18811 2.44483 -4.75442
-0.0928756 -0.113963 -0.54544 0.290249 0.157566 -0.846694 2.4712 -5.13188 2.40798 1.5517 1.47675 2.19861 0.190364 -2.84392 1.92257 -2.22752 -5.7142 0.185176 -0.507287 -2.77126 -3.1182 0.680777 -1.22914 -0.419891 0.12279 1.57234 -0.517581 -3.73009 1.85223 -1.67768 -2.28467 -1.65833 1.0674 0.805204 1.74199 0.189094 -1.40428 -5.15739 0.990247 -0.285543 1.70839 1.88478 0.00856746 3.09947 0.140234 2.92656 0.76539 -0.943915 -1.7877 -2.13645 1.88713 -3.21363 -2.25964 -0.778844 -0.589401 1.02768 -1.5497 -5.93761 0.104331 -1.80062 2.31521 6.19687 1.35633 2.23301 -1.84807 0.565128 0.204624 2.68893
-0.0928756 -0.113963 1.78813 -0.552149 0.157566 -0.846694 2.4712 1.5517 1.1099 1.76076 1.91063 2.33799 -2.23649 1.90186 -4.48011 1.77073 4.10539 2.1736 -0.239761 -0.401611 3.87795 1.30927 0.925534 3.47109 2.96748 0.248143 -5.5426 -0.773394 -3.32709 -2.41488 4.42989 2.15022 0.206771 -3.51062 -1.55019 -0.303763 -4.08135 1.2104 -0.756215 -2.92496 -4.76872 -4.87751 3.58878 4.8227 -1.49835 -0.879914 2.21379 1.78938 -0.148804 -0.386273 7.70243 3.85848 -3.19802 1.26919 1.05161 0.568799 1.56467 1.68965 -3.32595 1.74358 4.79803 4.03558 0.15944 -0.503531 1.55494 -0.790335 0.858425 0.138778
-0.618135 2.00021 -0.552149 1.02521 0.350775 0.826832 -0.451266 1.40638 2.11326 -1.28842 1.70175 0.906838 3.71805 -1.49493 1.62031 3.63072 -1.46169 2.0064 0.448022 2.2438 -7.08182 1.65828 -0.483498 -1.80825 -6.92487 4.63686 -1.85439 7.74982 1.21806 -2.37424 -5.18515 1.62412 1.65006 -1.27589 2.65384 -0.871241 -1.99328 0.621299 0.169918 4.42653 -0.992124 1.84375 -2.53235 -1.3743 0.669775 -1.48528 -0.60703 0.500414 -7.79915 -0.367694 2.44893 2.92852 1.76635 0.811899 -1.4724 3.95439 -1.85062 2.78075 -0.58098 -3.09273 5.7138 0.670807 15.0065 -7.26284 -0.848911 0.877066 0.564481 -3.93558
0.124285 -0.552149 1.02521 2.00021 0.350775 0.826832 -0.451266 0.798123 -6.4702 -3.05087 -1.84029 -4.10981 -4.22389 1.66222 -1.21741 7.10845 2.94351 0.950913 -5.44739 6.54754 0.109125 3.88928 -1.14085 2.34255 -3.39354 0.771502 -2.0178 0.825913 8.24515 0.0103035 4.42482 -0.0104251 2.99373 1.21411 -1.05675 3.36411 -5.94522 -1.83698 -0.279723 -0.407079 1.34786 0.134422 0.636615 1.38937 -1.0024 2.51884 -1.06453 4.98159 -0.359755 -16.143 3.57701 2.36545 -1.51991 8.17809 -2.78487 0.568572 0.776462 1.89185 -5.81745 -4.98455 1.57123 2.1912 0.566881 5.27525 0.371716 4.20907 1.61742 -3.86565
-0.552149 -0.56096 7.65524 1.02521 0.350775 0.330518 1.61908 1.75632 0.388429 0.994751 4.88534 -2.66714 1.8405 2.92192 -1.51742 3.05006 -1.42036 1.0312 2.91563 5.96788 1.6963 2.73418 -0.0575857 -3.2702 2.34361 -1.38902 -0.0752808 0.742092 3.72388 0.38417 -2.27448 0.0712844 -2.01773 -0.238851 -0.745518 -3.05321 3.48343 -1.08173 6.86629 -0.0989604 -4.40156 -2.39607 -5.77134 -0.0263181 1.11303 1.20664 0.454309 -4.47118 -1.93931 4.11988 -1.48172 4.36393 -3.63878 0.198204 -0.954923 0.451378 0.798781 3.95019 -4.61721 -0.315159 7.90277 1.06647 -1.52554 1.43362 3.64971 0.498211 5.21898 -0.131149
-0.552149 -2.25216 -0.262784 7.65524 0.350775 3.23226 -4.15027 -0.972953 0.579118 5.58452 1.66473 2.31008 0.290415 -0.756913 -0.086027 -1.53697 4.41731 -2.4284 -2.34248 0.0615437 -2.1422 -3.15328 -3.78201 -0.724347 -0.568282 -0.231193 -3.25632 4.42899 -3.21077 -2.3298 3.73409 1.09622 4.87986 3.01071 -0.0914616 -2.82381 -0.774499 1.14718 1.36025 4.57455 -3.02089 1.12572 -1.25454 -2.59272 1.19696 4.94643 -1.22053 0.724617 -0.674182 -3.04853 1.13752 -5.28619 -2.3843 2.59954 -1.49485 -1.19712 5.21907 -1.5211 3.66169 -0.0809037 -1.03239 -1.99012 5.30661 1.25775 -1.09973 -0.0734769 -0.902886 6.24014
