0.240602 -0.822129 0.482886 -0.0435055 -0.54724 0.795476 0.101204 0.904053 0.391706 0.709448
0.240602 -0.822129 0.482886 -0.0435055 -0.54724 0.795476 0.137381 0.904053 0.391706 0.709448
0.240602 -0.286836 0.263206 -0.0435055 -0.54724 0.795476 0.137381 0.904053 0.391706 0.709448
0.255912 -0.286836 0.263206 -0.0435055 -0.54724 0.795476 0.137381 0.904053 0.391706 0.709448
0.255912 -0.286836 0.263206 -0.0435055 -0.54724 0.795476 0.137381 0.904053 0.401667 0.709448
0.255912 -0.286836 0.263206 -0.0435055 -0.301743 0.760847 0.137381 0.904053 0.401667 0.709448
0.255912 -0.286836 0.263206 -0.0435055 -0.301743 0.760847 0.137381 0.904053 0.400136 0.709448
0.255912 -0.280887 0.263206 -0.0435055 -0.301743 -0.00671551 0.137381 0.904053 0.400136 0.282805
0.255912 -0.280887 0.263206 -0.0435055 -0.18175 0.154746 0.137381 0.410009 0.400136 0.282805
0.255912 -0.280887 0.263206 -0.0435055 -0.18175 0.154746 0.137381 0.871727 0.400136 0.282805
