200
6
var1
var2
var3
var4
var5
var6
10
fixed1
fixed2
fixed3
fixed4
fixed5
fixed6
fixed7
fixed8
fixed9
fixed10
1.169993 -0.160003 -0.5742754 -0.7080058 -0.2320136 -0.9219993 -0.03399539 0.5855288 -1.436146 0.6279651 -1.636629 -0.8174921 1.677512 -0.2678817 -0.7645574 0.747993 1.18721
-5.679222 -0.160003 1.341712 -1.522656 -0.2320136 0.6747593 3.272491 0.709466 -0.6292596 0.002143951 0.2115626 -0.2492659 0.07947405 0.937288 0.979196 1.307129 -0.356714
1.675382 -0.160003 0.7886312 -0.6324014 -0.2320136 -0.218052 0.1444657 -0.1093033 0.2435218 0.2843777 -0.4648317 0.4629986 -0.8564275 0.03402358 1.173833 -0.5878296 1.212238
-0.9151902 -0.160003 0.3200773 1.794767 -0.2320136 0.2626925 -0.3686099 -0.4534972 1.058362 -1.001779 -0.6623572 0.6673264 -0.7787773 0.2431589 1.374666 -1.133579 -0.6939527
-6.113471 -0.160003 -0.171206 1.043058 -0.2320136 -0.2008825 -0.2636814 0.6058875 0.8313488 -0.6172219 -0.1329536 0.4881699 -0.3809361 1.143689 1.202738 -0.7816046 1.356062
5.853975 -0.1598444 0.418638 -0.2689755 -0.2320136 -0.6558729 -0.09100378 -1.817956 0.1052118 0.8281942 -1.321702 1.076487 -1.897358 0.8274059 0.02694937 1.083198 0.9057313
1.682396 -0.160003 0.09560431 -0.7569566 -0.2320136 -0.9563382 -0.2322854 0.6300986 -1.741713 -0.08481865 0.07669278 1.149296 -0.07177091 0.3480582 0.7112603 0.4598888 -0.9415888
1.028781 -0.160003 -1.260318 0.7017994 -0.2320136 -0.1837131 -0.9114289 -0.2761841 0.645247 -0.4347199 -0.3849909 -1.622123 -1.030865 -0.3812028 -0.09145238 -0.4898623 -0.6385844
0.5874068 -0.160003 -0.9167069 -0.1557882 -0.2320136 0.588912 -0.8420274 -0.2841597 0.09710422 -1.204835 0.9473064 1.126283 0.6706955 1.361281 -0.1168616 0.07550618 0.4834876
13.36953 -0.160003 2.747886 0.2560212 -0.2320136 1.27569 0.1519015 -0.919322 -0.07673369 -1.020687 0.02168627 0.5904275 -0.3612878 -0.8855418 -1.125789 1.922219 0.7587479
4.986822 -0.160003 -0.421704 -0.6044974 -0.2320136 0.05665918 -1.025446 -0.1162478 0.9919507 -0.9712292 -0.458294 -0.740585 -0.2793064 0.388984 1.139871 0.1276802 0.4264894
-1.668059 -0.160003 -0.5792142 0.9483355 -0.2320136 0.1596759 -0.8172411 1.817312 -0.8592508 -0.1609134 0.2288621 0.2524539 -0.6458904 0.4119051 -0.4594912 1.123922 0.3610508
-6.670614 -0.160003 0.1133682 1.038681 -0.2320136 2.82094 1.366428 0.3706279 -0.2815797 1.204687 -1.396408 -0.3369977 -0.5157291 0.7099135 -0.9206652 1.226659 0.5051066
2.353731 -0.160003 -0.7663704 -0.06387103 -0.2320136 -0.9391688 -0.5487233 0.5202165 2.066247 0.06674622 0.9242942 0.9480396 -1.374556 -1.315294 -0.3039308 1.031377 0.6629569
-3.875272 11.46398 -1.043677 1.225899 -0.2320136 -0.1493742 -0.1975847 -0.750532 -0.611553 -0.8824577 0.06621604 -0.6603504 1.010378 -1.536934 0.2676853 0.06793635 -1.206384
-3.973794 -0.160003 0.3200773 1.794767 -0.2320136 0.2626925 -0.3686099 0.8168998 0.3156128 -0.01991974 0.8028908 0.6830538 0.4537065 -0.6460026 -1.256961 -0.9969599 -0.01928399
3.61556 -0.160003 2.104628 0.6036825 -0.2320136 0.7949454 -0.2657469 -0.8863575 0.6602934 0.3280165 -0.06052526 0.07839157 0.2748803 -0.968643 1.552993 -1.167871 -0.4348376
5.561176 -0.160003 1.071859 -0.4440836 -0.2320136 0.1425064 -0.5600837 -0.3315776 -1.722202 -0.9306286 0.08932862 0.5333681 -1.271791 -1.045695 3.289022 -0.6031001 1.034134
1.061289 -0.160003 -0.1164071 0.721363 -0.2320136 -0.2953145 -0.8017497 1.120713 -2.134626 -1.131415 0.4013114 0.8755866 0.9735952 -0.1320589 1.430688 0.7283802 0.1855206
-1.658455 2.020242 -0.2487875 -1.391631 -0.1273617 -0.9906771 0.1328988 0.2987237 0.0689456 1.08623 -0.8885606 0.1385107 1.280787 0.1387247 1.402933 -0.6165192 -0.9747356
-3.942384 0.5256266 -1.21122 -0.1591532 -0.2296821 -1.557269 -0.9938432 0.7796219 0.8678217 0.5142421 1.449169 0.940188 -0.02587655 -1.609804 0.02071507 -0.2624089 1.814108
-7.436928 -0.160003 -0.7236436 0.7545507 -0.2320136 -0.2438062 -0.4764301 1.455785 -2.290044 0.2931684 0.2055105 -0.6636771 -1.735964 0.9729914 1.22209 -1.266202 -1.237745
-1.449877 -0.160003 -0.7241915 0.5220245 -0.2320136 -0.7674743 -0.4479259 -0.6443284 -0.1501903 -0.5626548 -0.05611997 -0.8424122 -0.9451759 1.048883 -0.5771036 -0.9027523 -0.9654728
6.123056 6.769759 -1.292976 0.1329413 1.450366 -0.4412548 -1.075018 -1.553137 -0.2687818 0.2071427 -0.6398595 2.364362 -0.4611196 -0.1158494 0.8254201 0.1460915 -0.83186
-2.546798 -0.160003 -0.9615844 -1.033286 -0.2320136 -1.21388 -0.3008608 -1.59771 1.791332 1.228077 0.717781 -0.03286309 0.5595661 0.9108676 0.3828372 1.338424 2.761
-0.3269827 -0.160003 2.62733 -0.4971917 -0.2320136 1.035318 1.906149 1.805098 0.672268 -0.4300126 -0.06450029 0.6504299 0.2073717 2.061831 -1.211663 0.6668734 0.2634782
-5.925746 -0.160003 -0.9236591 0.1614847 -0.2320136 -0.8876604 -0.7335875 -0.4816474 -0.2093011 1.331908 0.1324296 -0.6983809 0.4005163 0.7765685 1.116297 -0.6343806 -0.6390623
9.500219 -0.160003 2.4734 -0.209629 -0.2320136 1.224182 0.2262603 0.6203798 0.01218251 -0.7632672 0.03471508 -0.4375006 -0.05140967 -0.186582 -0.818012 1.208761 -0.1294264
1.185365 -0.160003 0.09560431 -0.7569566 -0.2320136 -0.9563382 -0.2322854 0.6121235 1.534117 1.232319 0.2816526 -0.7190874 0.8249447 -0.5098985 -0.4448648 0.932657 -0.1636204
-3.558727 -0.160003 -0.9349495 -1.152278 -0.2320136 -0.9906771 -0.08604653 -0.162311 0.07729182 0.6090587 0.9192783 -0.2749892 -1.678068 0.7140768 0.8446613 0.6650382 -0.3051041
1.82956 -0.160003 -1.375387 0.004172437 -0.2320136 -1.231049 -0.9213434 0.8118732 0.07843753 -0.8225401 -1.042723 0.8969178 -0.9232794 -1.035263 0.9512592 -0.1828515 -0.3213838
-3.492481 -0.160003 -0.4570215 -0.2119045 -0.2320136 0.125337 0.02549163 2.196834 -0.7792611 -0.04764836 -0.2136227 -0.6397435 -0.6574483 1.894849 -0.8624013 -0.5914073 -0.8576569
-2.128357 -0.160003 -1.169847 -0.6406067 -0.2320136 0.5545731 -0.9585228 2.04919 0.1665597 0.170678 1.777947 -0.07613182 1.654942 0.05679306 0.6122581 -0.8061726 -0.4209707
-1.518874 -0.160003 -0.6864041 0.3927061 -0.2320136 -0.4927631 -0.4033106 1.632446 0.2653246 -1.225071 1.460941 0.8486791 -1.163929 -1.700726 -0.1050205 -0.2098768 -1.087264
-0.6657733 -0.160003 -1.292976 0.1329413 -0.2320136 -0.4412548 -1.075018 0.2542712 0.8907807 0.3873329 -0.3645508 0.6170589 -0.8791427 -0.0648369 -0.7537623 -0.3525468 1.136078
1.459957 -0.160003 1.344754 -0.07634782 -0.2320136 0.6232509 0.8954893 0.4911883 -0.4678884 0.4906678 -0.6131604 -1.988485 0.224613 0.8931587 -2.771493 0.1118152 0.01542858
-6.329454 -0.160003 -1.207607 0.8799158 -0.2320136 -0.6558729 -0.8816854 -0.3240866 0.7583746 2.239126 0.4959068 0.6315953 1.42055 -0.2376845 -0.09864343 -0.1140837 -0.8241936
5.130225 -0.160003 0.1151326 -1.16704 -0.2320136 -1.231049 -0.6363014 -1.66205 -0.6417364 0.8922123 0.2456386 -1.944145 0.5009207 -0.8837804 -0.8625212 0.1012243 0.8766781
-4.602662 -0.160003 -1.054732 -0.04004567 -0.2320136 1.103995 -0.5495495 1.767734 0.6276718 0.7989326 -0.1279048 0.477375 0.2848296 -0.2681143 0.01191442 0.2078491 -0.3562727
-3.15748 -0.160003 -1.058985 0.5906562 -0.2320136 -0.4927631 -0.8358308 0.02580105 0.2483301 1.935443 -1.250439 1.77873 -0.7205748 -1.425159 0.2279024 0.2202087 1.267759
-4.472335 0.9272507 -0.4688104 0.725644 1.22075 -0.1150353 -0.499977 1.128511 -0.7000758 0.3942499 1.634351 0.8878925 0.8964609 0.2827295 0.7548681 -1.031778 0.1288214
-1.991586 -0.160003 1.238112 -0.8692569 -0.2320136 0.09099807 1.589504 -2.380358 -0.5674016 0.6325215 0.9754358 -1.103164 -1.432468 -0.1589796 0.2102209 -0.330933 -0.3165095
3.257348 -0.160003 -0.4227108 -1.115639 -0.2320136 -1.265388 -0.8637154 -1.060266 -0.2613939 0.1025911 1.084078 -0.3026337 0.3859926 -0.1410436 -0.6535798 -0.3176921 -1.512114
0.02164354 -0.1473518 -0.6823003 -0.4654792 -0.03728152 -1.351236 -0.8098053 0.9371405 -1.063885 1.010211 -0.3593873 0.8337954 -1.110654 0.3862386 0.2518509 0.3883043 1.667195
2.362547 -0.160003 0.4212125 -1.053033 -0.2320136 -0.9391688 -0.5012163 0.8544517 -0.1063687 1.214678 -1.01552 -2.40953 -0.07550344 -0.4738548 -0.4156504 -0.7755764 -1.627206
-3.841747 -0.160003 -0.3318924 0.949666 -0.2320136 0.3657092 -0.3363877 1.460729 0.7711037 0.5008707 1.335521 0.2574524 -1.387222 1.181902 -0.1920236 -0.1732964 0.03229985
8.238999 -0.160003 -0.8795872 0.3487483 -0.2320136 1.138334 -0.7081816 -1.413099 2.747404 -0.909468 -0.1555623 -2.173738 0.2747137 -0.8463826 0.1327294 2.700157 -0.308667
9.438353 -0.160003 -0.3307925 -0.8352399 -0.2320136 -1.385574 -0.8816854 0.5674033 -0.08393476 -2.197209 0.9266085 0.02616768 0.546312 -0.2310963 0.2444788 1.851661 -1.647027
0.8718747 1.581324 -1.922838 -0.5005954 0.4038463 -1.608777 -1.151856 0.5831877 0.5435676 0.4385453 0.8892457 -0.5738898 -0.5390946 -1.541975 1.30488 0.7990173 -0.824727
5.651194 -0.160003 0.743778 -0.694004 -0.2320136 0.005150834 0.6327549 -1.306799 0.7528612 -1.029415 0.145117 0.2770727 -1.841499 -0.1259064 -0.9407241 -0.008937892 -0.2317642
-4.082207 -0.160003 -0.1441119 0.8657325 -0.2320136 -0.1665436 -0.3586954 -0.5403861 -0.8086741 0.7130781 -0.8186466 0.263804 -0.790289 0.8915386 1.3369 -0.1135557 -1.409295
-7.08081 -0.160003 0.1909087 1.182212 -0.2320136 1.550401 0.2299783 1.947693 1.00112 1.028269 -1.236823 0.889458 -1.094068 0.708697 1.835932 -1.779821 -0.4894519
-8.187242 -0.160003 0.03291365 1.447636 -0.2320136 1.567571 0.4493366 0.05359027 0.4560525 -0.5706327 2.317226 -0.5316916 0.4636974 1.365485 -0.7039348 -0.1584025 0.6221439
0.02343192 -0.160003 -0.5792142 0.9483355 -0.2320136 0.1596759 -0.8172411 0.3516628 -1.43425 -0.4340087 0.05072431 -0.2888767 0.01676548 0.1469412 -0.4897001 1.112768 -0.4467453
1.372926 -0.160003 0.2533316 0.06600653 -0.2320136 -0.1150353 0.1915596 -0.6709765 -0.2653048 1.005317 0.2908355 2.324238 0.7137156 0.03437656 -0.8622394 1.918488 -0.3156257
-11.81766 -0.160003 -0.1724384 1.314365 -0.2320136 2.116993 0.9723267 0.2779537 0.6417692 1.203545 -1.81129 0.8050697 0.3727204 1.350905 0.6785788 -1.613377 -0.771358
-3.474811 -0.160003 0.0994494 1.659259 -0.2320136 1.310029 0.1494229 0.6911713 -0.415021 1.496183 -1.145148 -0.8247415 -0.6314187 -0.3647844 -1.368707 0.3717693 -0.66067
1.732332 -0.160003 2.4734 -0.209629 -0.2320136 1.224182 0.2262603 0.8237953 -0.4595757 -0.1565984 1.280873 0.6140076 -0.3451947 -0.8209659 1.107931 -0.9234436 0.1602146
-3.377371 -0.160003 -0.6693744 0.3972379 -0.2320136 0.3485398 -0.3091228 2.145065 -0.792494 -0.9360305 -1.35947 0.00618369 -0.2336731 -0.4474571 -0.7516646 -2.304104 -0.757815
-7.250835 -0.160003 0.09493772 1.231559 -0.2320136 1.89379 0.3551489 -2.346944 -1.158539 0.3525386 1.884971 0.5064633 -2.40271 1.119657 -0.8608626 -0.2766415 1.385981
-0.8387435 -0.160003 -0.1303326 1.928058 -0.2320136 0.3485398 -0.0934824 0.149592 0.71089 -1.286189 -1.368602 -1.036276 -0.8410157 0.209283 0.5500045 -0.537288 0.2780479
0.4767708 -0.160003 -0.6864041 0.3927061 -0.2320136 -0.4927631 -0.4033106 -1.342531 1.267602 -0.2725229 0.5439404 -2.058183 -0.5255776 0.5836894 -0.497398 -0.06751695 -1.234633
1.072305 -0.160003 1.120979 -1.083646 -0.2320136 -0.7846437 0.6476267 0.5533031 -0.1431511 0.1569148 -1.23803 -1.183702 0.9646761 -0.6860822 0.2909139 -1.652377 0.3636413
-1.434392 2.13786 2.344459 -1.414319 5.596702 0.9151315 3.14856 1.589963 -0.5150289 -0.8818129 1.877132 -0.5218746 1.168688 -1.01849 1.742643 1.393098 1.086869
9.068795 -0.160003 0.2857588 -0.5765935 -0.2320136 0.1940148 -0.6610877 -0.5868796 1.482891 -0.1218978 -1.44581 -1.155976 0.03752564 -1.134753 0.171098 -0.338886 -1.725368
1.462911 -0.160003 -0.9257151 0.3172768 -0.2320136 -0.7588896 -0.9139075 -1.832377 -0.1625889 -0.8552507 -0.1533674 1.707211 -1.05945 -0.4582505 1.666231 -0.07532615 -0.08026159
0.5314685 -0.160003 -0.5620595 -0.6199921 -0.2320136 -1.19671 -0.7583738 0.8881394 0.04170917 -1.005729 -0.9456886 -0.4014458 -0.2031989 0.8673762 0.2805139 -0.7028121 0.2356528
-2.47955 -0.160003 0.5431405 -0.8681287 -0.2320136 -0.1837131 1.292069 1.593488 0.4830399 -0.9139524 0.312405 -0.07804824 -0.2605225 0.70705 1.332595 1.341141 0.5990167
0.7609694 -0.160003 -1.056514 0.2679291 -0.2320136 -0.3038992 -1.086792 0.5168547 -1.180127 -2.078234 0.2747244 -0.6892324 -1.503593 0.220164 0.8081996 -0.2371518 1.880437
-0.7939108 -0.160003 0.8041941 1.413629 -0.2320136 2.374535 0.6104473 -1.295672 -0.6635737 -0.1406471 -0.3154423 -0.7034026 -1.191546 0.3172298 0.39444 0.3179232 0.3804344
-5.141193 -0.160003 -0.01160418 2.112384 -0.2320136 0.5030648 -0.2793793 0.05461558 -0.6346499 1.299638 -0.3843676 0.2056696 2.457074 -2.308669 -1.196499 -0.4223846 1.835277
6.788954 -0.160003 0.1964015 -0.6353036 -0.2320136 -1.110863 -0.7974121 -0.7846494 -0.701963 -0.02936878 -1.428936 0.4201751 -1.421405 -0.7641269 -1.029293 -1.265948 -0.8232941
0.5934041 -0.160003 0.6801022 -1.129909 -0.2320136 0.279862 2.533861 -1.049353 0.5768504 -2.236622 0.9634177 1.063715 -1.170671 -0.2572154 -2.969979 -0.08486672 -1.350657
-4.163328 -0.160003 0.5437587 -1.501386 -0.2320136 -0.5442715 1.487881 2.330512 -2.11308 0.5450301 0.6137816 -0.7276814 0.6127288 1.171747 0.1487361 0.497415 -0.8890578
-3.763284 -0.160003 0.1909087 1.182212 -0.2320136 1.550401 0.2299783 1.402705 0.2609097 0.8308421 -0.3685544 0.8737073 0.5040729 -0.6453593 -0.2891516 1.674719 -0.1602225
7.221719 -0.160003 -1.066583 -0.1689784 -0.2320136 -1.488591 -1.170445 0.9426009 1.147127 -0.4975791 -1.807045 -1.388424 -0.03360403 -1.790562 0.4174799 0.8786207 -0.07205697
-6.587126 -0.160003 -0.1303326 1.928058 -0.2320136 0.3485398 -0.0934824 0.8262583 0.01479365 -0.6010274 1.355438 0.3100317 1.067788 -1.079786 -0.07795111 -0.2652018 -0.6982925
5.337111 0.05859523 1.170442 -1.592406 0.1821784 -0.5614409 0.4642084 -0.8115405 -0.3117392 -0.5121978 0.4456802 0.1900542 -1.084364 0.7144488 0.6799458 -0.3689424 0.675134
-2.749559 -0.160003 -1.188431 0.3314505 -0.2320136 -0.5013479 -0.9684373 0.4762483 -0.9561961 -0.00493238 0.1647948 -0.1638047 0.5657555 -1.812945 0.1509886 0.04741658 0.9951286
-1.218309 -0.160003 -0.9167069 -0.1557882 -0.2320136 0.588912 -0.8420274 1.021258 0.4734138 -0.09714791 0.02997777 0.5134906 -0.2760908 1.048169 -0.8381406 -0.9183269 -0.1597597
2.189876 -0.160003 1.163187 -1.15332 -0.2320136 0.2626925 -0.1083542 0.6453831 -1.513864 -0.0240354 -0.6761129 0.9000963 -0.8257089 0.2027159 1.832869 -0.748233 -0.8465556
8.882639 -0.160003 1.47961 -1.036275 -0.2320136 -0.4240853 -0.05630302 1.043144 0.164281 -0.1273903 1.13605 0.119871 0.4902205 0.2812114 -1.209772 1.566873 -3.068282
0.2699466 -0.09603003 -0.1798226 -0.3274927 0.752686 -0.8876604 -0.5383957 -0.3043691 -0.8708652 -0.1318856 2.169332 0.9415274 -0.9265319 1.032058 0.3774019 -0.6768733 -0.3072935
-8.868033 -0.160003 0.9389124 -0.8369273 -0.2320136 0.5030648 2.221554 2.477111 1.593329 0.4537423 -1.089019 0.5154893 1.60255 2.293879 -1.079295 -1.640396 -0.8480149
-4.975148 -0.160003 -0.1724384 1.314365 -0.2320136 2.116993 0.9723267 0.9712207 0.6465975 -1.406336 -1.102726 -0.5547614 -0.860891 -0.05925603 0.01319179 -0.54387 0.9842475
-0.05642035 -0.160003 0.09560431 -0.7569566 -0.2320136 -0.9563382 -0.2322854 1.867099 0.3573697 0.2109308 1.302636 0.7723769 -0.3655133 0.4114014 -0.09626402 0.8005263 0.7438798
-7.294838 -0.160003 0.1467987 -0.7546714 -0.2320136 0.7090982 2.76933 0.6720425 0.1023931 0.7523361 -2.778326 0.7435963 -0.006331921 -1.279242 -0.5000694 -0.6946287 0.02724614
-7.212555 -0.160003 -1.043677 1.225899 -0.2320136 -0.1493742 -0.1975847 -0.3079534 -0.6752668 0.1383795 0.3413116 -0.5896525 -2.380531 -0.4265019 1.120097 -1.21827 -0.4867868
-4.616906 -0.160003 0.004624427 1.019995 -0.2320136 1.224182 0.3353199 0.5365237 0.972085 0.15968 -0.2235498 0.6263002 1.52082 0.8499574 -0.7230077 -0.4726414 0.143642
4.475064 -0.160003 -1.364093 -0.3996438 -0.2320136 -0.7674743 -1.17912 0.8248701 0.7558699 0.2284353 -0.1987716 -1.876366 -0.6199021 -1.803013 0.009590228 1.217537 0.261068
6.207814 -0.1398071 0.09379287 -0.2317574 -0.2320136 -0.8018132 -0.1851916 -0.9639015 -0.4282856 -1.162784 1.633303 0.1398461 -0.4840289 -0.969554 -0.6285882 1.225466 -1.24999
-7.672505 -0.160003 -0.7907396 1.351805 -0.2320136 0.7262676 0.3941872 -0.8550825 -0.7139248 0.8546585 -1.869622 0.2403042 -0.926161 1.650679 -0.5044434 -0.5324876 -1.552572
1.721152 -0.1599396 -0.2421182 -0.3854604 -0.2320136 -0.1150353 -0.9969415 1.886947 -0.1903841 -0.2420959 -0.2500888 0.119982 -0.2859256 0.6659569 -0.08597805 -1.601063 -0.6244215
-6.10867 -0.160003 0.03291365 1.447636 -0.2320136 1.567571 0.4493366 -0.3918194 0.3998648 -2.015995 -1.370759 -2.011711 1.587795 0.3611146 -0.2032845 -2.810503 0.6227223
2.882144 0.08584829 0.5460007 -1.329228 0.7173605 -0.8876604 -0.1430549 -0.9806329 -0.9778449 -0.2276905 1.451262 -0.3736602 0.659089 -0.4877988 3.049686 0.1235114 0.07211193
2.279654 -0.160003 -0.790361 -0.7858922 -0.2320136 -1.557269 -0.9225827 0.6873321 0.1837369 0.2241698 -2.13791 -0.9971703 1.206298 1.428382 -0.986571 -0.1560142 0.271109
-4.465236 -0.160003 -1.556823 0.7557078 -0.2320136 -0.6987965 -0.58487 -0.5050435 -2.150311 -0.7368249 -0.577261 -1.131102 -0.02482964 -0.9042526 1.173331 0.5201917 1.249232
-6.384863 -0.1485567 0.5474336 1.63255 -0.2320136 2.992635 1.447603 2.15772 -0.6229665 -0.8467107 0.2364495 0.01520936 -0.9045874 -2.093694 0.3192397 -0.895102 -0.9517629
-0.0376595 -0.160003 -0.1164071 0.721363 -0.2320136 -0.2953145 -0.8017497 -0.5997976 -0.7654393 -0.1114589 1.099857 0.4037054 -0.4468698 0.921679 -0.5273298 1.344346 0.9344601
1.15023 -0.160003 1.261071 -1.692403 -0.2320136 -0.09786585 1.468052 -0.6945467 0.4643094 -0.3116017 0.5612827 -0.5412105 0.1250856 -1.849023 0.283862 -0.3459044 1.204492
22.47896 0.111667 1.97614 -1.539092 5.729173 -0.8189826 -0.03895264 0.2239254 0.5222822 -1.420324 2.303627 -0.784861 1.148091 -1.659894 -0.1746226 -0.02948362 0.5468157
2.63721 -0.160003 0.5764786 -0.2748571 -0.2320136 0.1596759 1.078908 -1.156223 0.00979376 -2.466939 2.020896 -2.560052 0.4550137 -0.2763602 -0.6706167 1.30841 0.4913212
-0.6048105 -0.160003 -0.4688104 0.725644 -0.2320136 -0.1150353 -0.499977 0.4224185 -0.4405262 0.4847158 -0.05787852 0.07280078 2.021946 -0.8284337 0.5074258 1.977903 0.05486097
2.480357 -0.160003 -0.421704 -0.6044974 -0.2320136 0.05665918 -1.025446 -1.324755 1.19949 -0.9379723 0.4420934 0.7502436 -0.6952704 -0.6860709 1.247434 -2.312867 0.9596848
0.1751353 -0.160003 2.362734 -1.692982 -0.2320136 -0.02918806 1.23754 0.1410843 -0.1174685 3.330733 -1.303331 -0.1282489 1.603965 -0.2716078 -1.248276 0.129948 0.1755863
0.6318052 2.117779 -0.1541001 -1.826639 0.8984039 -0.7503048 0.141987 -0.536048 0.03820979 -0.1629455 -0.03522043 -0.4878667 1.351707 1.243811 -1.934719 -2.506087 1.190854
1.627781 -0.160003 1.396031 0.8885358 -0.2320136 1.859451 -0.02903813 -0.3116061 1.194806 0.2204558 0.9242543 0.9087878 0.4395146 -0.1720214 -0.7638625 -0.6713747 -1.427876
-2.365576 -0.160003 0.6113497 0.4596408 -0.2320136 0.8292843 0.4394221 1.55611 0.3439584 0.8762108 -0.3608283 -1.852464 1.571622 -2.546475 1.427089 -0.2447502 -2.960839
-2.201127 -0.160003 1.254832 -1.638919 -0.2320136 -0.02918806 2.392579 -0.4480333 -0.329073 -2.148963 0.4671727 -0.3101479 -1.741253 1.640627 -0.2633369 -0.8167348 -0.3374666
7.249278 -0.1536918 0.4212125 -1.053033 0.09121516 -0.9391688 -0.5012163 0.3211235 1.670858 -0.2337514 -0.2012369 -0.3138649 -1.484015 0.9702368 0.5861254 0.4914716 1.954765
-1.07834 -0.160003 -0.4555709 0.914492 -0.2320136 1.447384 -0.2440589 -1.230172 -0.9180582 -1.998493 -0.005347343 0.02355123 -0.5552326 0.02030747 1.021322 -0.1122944 0.8376032
3.85161 -0.160003 -0.7339707 0.6088024 -0.2320136 0.4515565 -0.8345915 -1.324059 -0.08780733 -1.23478 -0.5330033 1.18346 -1.358605 -2.651398 1.747732 0.2264293 -0.657283
-5.419916 -0.160003 -1.395575 -0.2850679 -0.2320136 -1.21388 -0.8420274 1.261242 1.320294 0.8463037 -0.5154151 -0.5528332 -0.08265712 1.117812 1.021404 -0.5935034 0.9735912
-4.824461 -0.160003 0.9953944 -0.2805265 -0.2320136 0.7606065 1.90429 1.319232 1.730786 -0.04649482 -0.08491091 0.5970403 -0.3582361 -0.8190834 0.06653601 0.04170697 0.5123356
-6.336159 -0.160003 0.6020032 1.310971 -0.2320136 1.756434 0.07506415 -0.08075376 2.162596 0.4036428 0.4359333 0.6809694 -1.289118 1.70455 -0.3097396 -0.9940806 1.874651
-0.4274776 -0.160003 1.785474 -1.609736 -0.2320136 -0.1322047 1.158224 -0.5050898 -0.3157325 0.7674547 0.9979542 0.01196105 0.9666832 0.8498558 -2.132376 -1.22346 0.9026232
4.669399 -0.1598906 -0.3522226 1.256522 0.6864506 -0.1322047 -0.7180961 -0.05215359 -0.5750961 0.8671015 -1.163189 -0.2068076 -0.4204559 0.5433371 -0.3223809 1.364736 -0.2452821
-4.074579 -0.160003 -0.1992238 1.124928 -0.2320136 0.279862 -0.2397213 0.6288606 -1.406356 -1.254581 1.680894 0.738849 0.7782147 0.05603545 0.5053498 -0.5347002 -1.029978
2.071424 -0.160003 0.1151326 -1.16704 -0.2320136 -1.231049 -0.6363014 2.180002 2.26786 -0.157798 1.217121 -0.02572164 0.577273 1.58405 -1.027557 0.5675795 0.1666502
0.9273148 -0.160003 -0.2230349 1.33253 -0.2320136 0.02232028 -0.6139938 -0.06901731 -0.7708539 -0.5123168 -0.02743883 -1.796728 -0.3967217 -1.438635 1.160879 1.734923 0.8073128
-1.29487 -0.160003 -0.02836101 0.9808289 -0.2320136 0.4172176 -0.5768144 1.544864 0.3803157 0.4130209 -0.2915456 -1.815611 -1.55747 -0.6397186 0.678678 -0.9569012 1.953301
-5.026907 -0.160003 2.211021 -0.1892169 -0.2320136 0.6404204 1.770444 1.321452 0.6051368 0.5642563 0.9726278 -0.2577454 -0.5484079 0.08676547 -0.5749005 0.5366748 0.6350054
-6.377239 -0.160003 1.341712 -1.522656 -0.2320136 0.6747593 3.272491 0.3221516 1.019674 0.726066 -0.2397067 -0.06072724 0.2172602 0.4668112 0.04489418 0.7250426 0.03184804
0.1430432 -0.160003 0.6691396 0.3488158 -0.2320136 2.116993 -0.1752771 1.530955 0.474943 -0.4151022 -0.9017177 0.9918737 0.913235 0.4172528 0.3299231 0.06113837 -0.3768103
-0.2408668 -0.160003 0.6955013 -0.5437047 -0.2320136 0.2111842 0.3030977 -0.4212397 -2.185946 0.0416153 -0.6311743 -0.968441 1.552215 0.6078948 -0.3167286 0.004462557 -0.02165367
-1.435086 -0.160003 -1.802866 0.5532163 -0.2320136 -1.179541 -0.903993 -1.158821 0.9331922 0.2242921 -1.625975 0.3807206 1.268131 0.2802099 0.5515095 0.4885278 0.1181897
0.7588757 -0.160003 -1.260318 0.7017994 -0.2320136 -0.1837131 -0.9114289 -1.845368 0.4754354 0.7864091 -2.149496 0.2135097 0.7604015 -1.176268 -0.5401848 0.5675608 0.3375066
6.548263 -0.160003 2.747886 0.2560212 -0.2320136 1.27569 0.1519015 1.157325 0.3902816 -0.4233628 2.112628 -0.9685065 0.6591804 -1.294234 0.1284177 -0.06910179 1.795698
0.9308016 -0.03090956 -0.05397611 1.50947 1.755048 0.03948973 -0.2750417 -2.12355 -0.7273282 -0.367534 0.2690804 1.494873 0.6539897 -0.3187407 1.775905 -0.06283374 1.083582
7.926941 -0.160003 0.418638 -0.2689755 -0.2320136 -0.6558729 -0.09100378 -1.196032 0.9865559 -1.76702 -0.5194722 -0.3362198 1.555976 0.8458576 -0.8719302 0.6954465 -1.303355
-4.250962 -0.160003 -1.184628 0.6513429 -0.2320136 -0.4240853 -0.745361 1.642192 1.423984 -0.1835379 -0.01573444 -1.700628 0.4166109 0.0590417 -0.7451252 -1.66801 -0.7312349
3.987745 -0.160003 0.9180166 -1.526031 -0.2320136 -1.076524 -0.09100378 0.8836548 0.4847305 0.834872 -0.1512529 -1.467678 0.02805339 0.2800531 1.156178 0.8099971 -0.6753095
5.201501 -0.160003 -0.4261449 -0.9183153 -0.2320136 -1.505761 -0.9386938 0.5248759 0.3492364 -0.5872005 0.08823135 -0.2163487 -2.366009 -0.8365912 0.1240977 0.3854307 0.209466
-3.462234 -0.1572232 -0.4968998 -1.110606 -0.1141146 -1.162372 0.07506415 -1.184659 0.8601242 -0.3589324 0.7789025 1.151785 0.5460445 0.6535332 0.9013429 -0.6919602 0.8830794
-12.17339 -0.1340696 0.6828304 1.861133 0.0920983 2.735093 0.9270918 2.655788 0.4046111 2.114129 0.3867201 0.6334805 -0.08707714 -0.902541 0.07305804 -0.4434286 0.04907469
20.89268 0.5543141 -0.05397611 1.50947 8.687687 0.03948973 -0.2750417 -1.047914 0.3670449 0.6454111 0.3479535 -0.2773097 0.3688921 -2.032552 -0.4767524 1.385138 1.469605
-0.3666206 -0.160003 0.5764786 -0.2748571 -0.2320136 0.1596759 1.078908 -1.011123 -1.519199 -0.31232 -1.899571 -1.743348 -1.440439 1.342897 0.8763414 0.8228439 1.273051
3.492405 -0.160003 -0.06623915 -0.6270693 -0.2320136 -1.402744 -1.01801 0.6689217 1.549803 1.185448 -0.05768242 -1.018553 0.9483422 -0.09960471 -0.100986 0.5934201 -1.181295
-1.126514 -0.160003 -0.7139834 0.912959 -0.2320136 0.932301 -0.5247633 0.1291773 0.4998811 0.553799 -0.471305 -0.3094813 -1.622469 -1.320546 -1.920784 -0.4213201 -1.202046
-4.396248 -0.160003 -1.301035 0.541887 -0.2320136 -0.4069159 -0.705703 -0.4225769 0.4608729 -0.05375394 0.6347313 -0.5140055 -1.422041 0.4900321 1.402969 -0.01627682 1.996895
1.306404 -0.160003 0.9953944 -0.2805265 -0.2320136 0.7606065 1.90429 -1.140264 2.07671 2.127463 -0.9607437 -0.7414662 -2.19956 -0.1370103 -2.066796 1.09881 -0.1713354
3.066362 -0.160003 -0.8144973 0.9343546 -0.2320136 -0.04635751 -0.9461297 -1.293715 -0.3076506 -0.1877065 -0.8048246 0.1912165 0.1022425 -0.05430162 -0.3281379 1.281052 -0.5244672
2.186313 -0.160003 0.6567161 -1.304855 -0.1291279 -0.527102 0.6947206 -0.5946988 0.9523709 0.09875784 -0.4959468 -1.166984 -1.700944 -0.6447157 -1.548884 -1.022451 1.398121
-7.626878 -0.160003 -0.3971665 0.07411545 -0.2320136 -0.4755937 -0.157307 -1.500814 0.5327883 1.910378 -0.418477 -1.626141 1.667568 0.02039161 0.2365184 -1.161776 0.6481731
-3.65115 -0.160003 -0.2602244 0.1361038 -0.2320136 -0.4755937 -0.464037 0.01585569 -0.09554771 1.621456 -0.6549845 -0.9768972 0.6513278 -0.270451 -0.1765126 -1.737621 -1.16398
-12.7473 -0.1541795 1.341712 -1.522656 -0.2305829 0.6747593 3.272491 0.5401696 -0.1420634 2.093068 1.395486 -0.6886212 1.533247 -0.4722324 0.8881918 0.4638835 -0.5978021
8.119228 -0.160003 1.662606 -0.1701644 -0.2320136 0.9666399 -0.4299559 -1.547292 -1.183026 -0.6922359 3.093697 0.4078009 -0.007104085 -2.137675 -2.156052 0.03060393 -0.8553772
1.414056 -0.1591194 -0.3038855 0.2611315 -0.2320136 1.636248 -0.3363877 0.8496529 0.5453184 -2.287198 1.900826 -1.121405 0.06443705 0.09732707 0.6749029 0.5169106 0.1488476
0.01824333 -0.160003 -1.330084 -0.3763776 -0.2320136 -1.316897 -0.7242927 0.8960132 -2.581855 -1.655602 -0.395319 -1.562934 1.42522 -0.3793286 1.266475 0.4319479 0.2913004
3.917144 -0.160003 1.217117 -1.46707 -0.2320136 -0.6301187 0.1940382 0.138691 0.7789 0.5695094 -0.5867024 0.2346614 1.095977 0.4341929 0.3591379 0.1177708 -0.1274895
2.129379 -0.160003 -0.155906 -1.017859 -0.2320136 -0.8533215 0.2650921 -1.619328 0.2929403 -0.4712226 0.4617654 -1.983761 -0.1238355 -0.1156643 1.040038 1.386801 0.8017498
4.705558 -0.160003 0.535544 -1.414039 -0.2320136 -0.870491 0.2144868 0.5483979 -0.08670791 -0.03320968 0.09720934 0.9780325 -0.6022838 -1.29897 0.567361 1.310804 -0.3149662
1.627089 -0.1599962 0.6691396 0.3488158 -0.2320136 2.116993 -0.1752771 0.1952822 -1.466359 0.3773671 0.6760256 -0.3259468 -1.09614 -1.447406 -0.7341842 -0.2458459 -2.430319
3.768659 -0.160003 -0.6127942 -0.5935136 -0.2320136 -1.419913 -0.8637154 -0.806498 -1.083179 1.157718 -0.7487705 -0.2268133 -0.3112971 0.1178767 -1.441932 0.4247375 -1.364381
-11.11853 -0.160003 0.1467987 -0.7546714 -0.2320136 0.7090982 2.76933 -0.1086242 1.057737 1.39865 1.025553 0.4223303 0.1751389 -0.7132565 -1.086364 0.1785412 0.2674982
-0.08679358 0.01326909 -0.1992238 1.124928 1.282569 0.279862 -0.2397213 -0.2509466 -0.3603208 2.118504 -0.6965954 -0.1935254 0.5308099 -1.510396 -1.005305 0.1091106 -1.778715
-1.621536 -0.160003 0.520988 1.515149 -0.2320136 1.516062 -0.03151676 1.699347 0.3505938 -1.08746 -1.277135 -0.2710169 0.9064108 -0.2915044 -0.4290186 -0.345157 -0.4112559
-1.991146 -0.160003 -0.17419 -1.374063 -0.2320136 -1.093694 -0.005491189 -0.3442988 0.02825766 1.216033 -0.09242373 -0.2649424 0.04675313 -0.8906692 0.01803842 -1.112184 2.628861
-0.07558935 -0.160003 -1.066583 -0.1689784 -0.2320136 -1.488591 -1.170445 0.06777206 0.4730483 0.6772253 1.847464 -0.5533882 0.1847949 -0.6854768 -0.6674292 0.5646658 1.395295
4.261409 -0.160003 2.323251 -1.637714 -0.2320136 0.2455231 1.911726 -0.6505697 -0.9191547 -0.7263769 -0.9296295 -0.4367079 -0.5050118 -0.06393229 0.9682182 0.2078673 -0.748212
9.774559 0.008965972 -0.7609283 -1.115417 2.920792 -1.402744 -0.5569854 -0.4876385 -0.3758234 0.1128439 -1.0308 0.3250866 1.090732 -0.269658 1.391053 -0.315336 0.4655945
4.518169 -0.160003 -0.2602244 0.1361038 -0.2320136 -0.4755937 -0.464037 0.3031512 -1.812834 0.06521357 -1.319514 -0.7821451 -0.1854982 -3.334675 -0.1941484 1.630547 1.331568
-1.942402 -0.160003 -0.171206 1.043058 -0.2320136 -0.2008825 -0.2636814 -0.241974 0.2886002 -0.6306272 -0.0842057 0.521032 -0.4714215 1.051274 -0.4891577 -0.6039877 0.3890928
0.4517363 -0.160003 2.362734 -1.692982 -0.2320136 -0.02918806 1.23754 -0.4817336 -0.1896226 0.5188555 0.7739022 1.887861 0.6331219 1.29102 -0.5240535 0.008065666 0.8957894
0.2695547 -0.160003 -1.37197 -0.1098055 -0.2320136 -0.4240853 -0.8345915 -0.9918029 0.01786021 -0.8029445 -0.1599474 1.583178 -0.2721245 1.238249 -0.535994 0.03622946 1.376651
-1.749641 -0.160003 -1.525673 -0.3744958 -0.2320136 -1.437083 -0.7211944 -0.2806491 0.6504302 -0.6816232 0.8633075 -0.1318275 0.7928388 -1.901656 -1.135895 -0.2176465 -1.263979
-1.630613 -0.160003 -0.4838317 1.298484 -0.2320136 -0.08928113 -0.6239083 0.6330173 0.310255 -0.03716272 0.9693709 -1.578077 1.05168 -0.4426764 -1.117888 0.8381582 -0.143482
4.556379 -0.160003 -1.005035 0.3705681 -0.2320136 -0.3554076 -0.8321129 -1.239818 1.668357 -0.2872743 0.614129 -0.7697309 0.467591 1.237265 -1.248316 1.867592 -1.08289
7.54244 0.2588335 -0.3396988 -0.9242258 4.492778 -0.9391688 -0.004251876 1.764314 0.6726145 -1.026027 2.496919 -1.089302 1.577758 -0.0346286 -0.9142793 -1.34817 0.7393383
-4.532048 -0.1543229 -1.634472 0.1584636 -0.2320136 -1.368405 -0.9312579 -0.02367989 -0.277518 1.398359 1.155265 -0.7375303 1.192579 0.8705577 0.7331804 1.936755 0.2399927
-2.595707 -0.160003 0.3481887 -1.230735 -0.2320136 -0.5786104 0.4889947 0.1999205 -0.1460264 0.8366902 1.874872 0.9021509 0.6878087 -1.358354 1.768734 0.9098535 -1.09169
-1.010035 -0.160003 -0.155906 -1.017859 -0.2320136 -0.8533215 0.2650921 1.347193 1.701432 -0.3298963 -0.2375575 -0.349407 -0.5405657 0.2150112 0.01939714 -1.870408 -1.452768
-0.1783495 -0.160003 -0.4218864 -0.6911789 -0.2320136 -0.6472882 -0.3140801 0.03607349 0.4713579 0.5348023 -0.4527795 0.58993 0.6929026 0.4490792 -0.02112681 0.1438748 -0.7816915
5.747907 -0.1567613 -0.970901 -0.0281282 -0.1821163 -0.9649229 -1.166727 0.8245811 0.5817001 -1.207253 -0.7167515 -0.1578084 -2.19404 1.204462 -0.2060037 -0.3068464 -0.7984798
-0.5184411 -0.160003 -0.7822251 0.9474001 -0.2320136 0.2455231 -0.6282459 -1.702672 0.6660207 0.6287673 0.4889343 0.7978737 -0.9540472 1.162177 -1.029532 1.483582 -0.7184602
-9.347555 -0.03435205 1.341712 -1.522656 -0.2320136 0.6747593 3.272491 0.4809502 -0.7789022 0.5761647 0.8342016 1.086562 -0.1401837 0.1908543 -1.699159 -0.9786299 -0.2511037
-5.552804 -0.160003 -0.5742754 -0.7080058 -0.2320136 -0.9219993 -0.03399539 2.48355 1.163325 1.236224 0.9258648 0.834957 0.3671503 -0.5591994 -0.6721233 -0.8643517 0.9016098
-10.47969 -0.160003 -0.01160418 2.112384 -0.2320136 0.5030648 -0.2793793 0.401365 -1.964544 0.4755396 0.9431552 -0.2968655 0.05585806 -1.184502 1.824964 -0.8647193 -0.5371772
3.594634 -0.160003 1.448875 -0.7555681 -0.2320136 0.7090982 1.646513 0.2151772 0.7691707 -1.547147 -0.5600745 1.854301 1.853887 -0.1129663 -1.526649 1.370938 1.264442
4.482487 -0.1295943 -0.6594762 -1.097075 0.2360499 -1.299727 -0.5445923 -1.815712 2.259772 0.0554688 0.6876993 1.298332 1.233489 1.029247 0.6114916 0.1876877 0.3376776
-5.696476 -0.160003 -0.5492035 0.8594845 -0.2320136 -0.2008825 -0.4751908 -0.9117394 -0.4772723 0.6800621 0.2198254 -0.5352411 -1.533458 -0.6875893 -0.2712488 -2.774249 -0.05474999
5.450108 -0.1600004 -1.169847 -0.6406067 -0.2320136 0.5545731 -0.9585228 -0.04904469 -0.1025805 -1.350202 -1.005237 -0.8843313 0.07045561 -0.3494503 -1.334089 0.01796252 0.4182386
-6.406723 -0.160003 0.5431405 -0.8681287 -0.2320136 -0.1837131 1.292069 -0.4053875 0.3686962 0.2451024 0.3731012 1.861033 0.6246542 -0.1476561 2.345454 -1.562513 -0.925219
4.507314 0.141215 1.004283 -1.101793 3.097419 0.07382862 1.32677 1.130382 -0.535433 -0.3073485 0.4693916 -0.2705921 -0.2239822 0.4270337 1.234337 0.6549688 -0.5419944
-0.4297155 -0.160003 -0.6693744 0.3972379 -0.2320136 0.3485398 -0.3091228 0.8154647 0.5066019 0.7313646 0.06462608 0.5856409 0.3511706 -1.48697 1.525058 2.35022 -0.08565527
-5.183833 -0.160003 -0.3318924 0.949666 -0.2320136 0.3657092 -0.3363877 0.07641752 -0.1505571 0.2013818 1.004815 -0.5770578 0.1222045 0.558629 0.5811088 -0.5601826 -0.02039715
9.24648 -0.1077919 -0.3038855 0.2611315 0.8100901 1.636248 -0.3363877 1.453747 0.9042436 -1.575463 -0.3738294 -0.3190149 -1.803557 -0.2354397 -2.3611 0.1019895 -0.5595978
-3.618746 -0.160003 -0.4227622 1.286249 -0.2320136 -0.4498395 -0.6734808 0.3741211 2.242036 0.02353878 0.9361085 -0.3140251 1.001495 0.215798 -0.07684396 0.19536 0.5548366
-6.321929 -0.160003 1.299025 -1.224313 -0.2320136 0.2970314 1.894375 -0.1709041 -1.195123 0.8016411 0.8449886 -0.6593386 1.19922 -0.07174341 1.380426 0.2576437 1.180629
3.682012 -0.160003 -1.556823 -0.4227877 -0.2320136 2.031146 -0.824677 -0.5022128 -0.4185226 -2.555627 1.092658 -1.22316 -1.426005 -1.651181 0.001432386 -0.4788399 -0.9697431
-1.592934 -0.1517984 0.5277555 1.621761 -0.2093169 1.739265 0.2175851 0.5435221 0.7982514 -0.5269107 0.6292446 0.1092041 -1.154185 -0.7333041 -0.3904386 0.1328218 -0.2865647
-6.116777 -0.160003 0.3447131 1.749382 -0.2320136 0.8121149 0.427029 -0.505186 0.4981722 -1.312859 1.037235 -0.2344074 0.1958794 -0.001886289 0.4318237 -0.5292364 0.8507928
-2.113529 -0.1324631 -0.970901 -0.0281282 -0.2320136 -0.9649229 -1.166727 0.7867958 0.1195602 0.8008613 0.8706171 0.1619446 0.4890331 0.7003928 0.6299729 0.4426112 -0.1714058
-3.638027 -0.160003 -1.802866 0.5532163 -0.2320136 -1.179541 -0.903993 0.3009494 -0.3672027 0.7131008 -0.6274084 -0.8559039 -0.03015056 0.7858365 -1.590389 0.6894525 0.5118918
-3.478221 -0.1531467 -0.7663704 -0.06387103 -0.1697523 -0.9391688 -0.5487233 1.310224 0.2623311 1.031915 0.435729 -1.21361 0.1621807 -1.02471 0.5878471 -0.7640944 0.7058493
-1.140717 -0.160003 0.2530979 0.01755554 -0.2320136 0.07382862 -0.9263007 0.7984338 0.2627041 1.681808 0.2394069 -0.06772147 0.1064995 -0.3740946 0.2958657 0.087366 1.356735
-0.4679629 -0.160003 -1.162091 1.185625 -0.2320136 -0.3554076 -0.2892938 0.8508604 0.6407389 -0.2263104 -1.25612 1.456469 -1.176967 -0.743649 -0.820628 1.409712 -0.8917843
-6.701771 -0.160003 0.6828304 1.861133 -0.2320136 2.735093 0.9270918 -0.443568 0.3070898 -0.197929 0.2235699 -1.442939 0.9344294 -0.6747083 0.3494011 -1.141091 -0.648969
-5.003369 -0.160003 0.7033601 -0.761498 -0.2320136 -0.6472882 1.235061 -0.4467748 -0.0331294 1.043702 0.5045899 -0.5125299 0.4219746 -0.6763354 -1.377753 -1.647117 0.1425365
-7.623933 -0.03521267 -0.3522226 1.256522 -0.2320136 -0.1322047 -0.7180961 0.01330504 -1.374751 -0.4417373 2.117015 0.2439838 -0.503019 -0.9736375 -0.8637625 -3.126125 -0.7317156
