-2.54049 2.21527 4.75582 -6.48748 -1.61051 2.15133 18.3272 -7.45079 2.70242 -2.6347 -6.30992 2.72153 0.243557 -0.984069 1.37877 -2.41141 -2.00011 -0.775935 1.15033 0.484886 1.64061 2.24033 6.43799 7.71735 -3.15531 -6.59348 -6.97267 -0.00267807 -3.57912 -6.41302 -0.390273 -1.07644 0.39019 -1.19417 0.0741667 -2.51674 7.45717 3.12901 3.25375 2.37102 0.647868 3.03125 0.981706 -2.12603 5.46263 -2.44157 -4.90912 3.62663 3.52065 -2.09155 1.72305 -3.57472 6.32622 -5.77324 -0.134097 -2.8482 -1.39764 1.23595 5.49503 -0.41396 -3.95031 0.683634
-2.54049 2.21527 4.75582 -6.48748 -1.61051 2.15133 18.3272 -6.3832 2.70242 -2.6347 -6.30992 -0.441373 2.72153 -2.01537 1.76075 3.19219 2.87994 -0.775935 1.15033 0.484886 -1.76107 4.09221 -4.6431 4.95319 -3.15531 -0.459909 -1.55436 -2.67838 4.10876 -1.19589 0.363613 -2.71197 -1.64434 -2.92277 -0.372999 -0.402408 -2.49823 0.0557582 4.53187 -5.1638 2.15136 0.629625 3.31889 -2.36035 -0.411062 -9.39944 2.66519 2.65082 6.27083 0.643676 2.45734 1.40827 -3.17876 -2.29182 1.46532 7.42369 3.97768 -2.79632 -0.62264 2.47352 2.79616 -1.5334
-2.54049 0.300239 4.75582 -6.48748 0.868531 -2.9588 17.8714 2.66539 -6.3832 -2.6347 -2.8712 -0.441373 6.15938 -0.00687635 1.59834 2.87994 3.19219 -0.775935 1.15033 0.484886 -1.76107 -4.10882 -2.56308 4.95319 -3.15531 0.479061 -2.25202 0.119051 -2.00845 0.418144 0.457718 0.184286 0.134925 -5.72406 3.99654 -1.3601 5.62738 -1.2669 -0.0306844 -3.00979 4.31781 -0.265447 0.121397 0.137478 -1.73363 -3.75429 0.616661 1.81149 -5.19199 1.8027 -0.29507 5.46838 -0.749036 -0.323707 2.60678 -1.60623 0.117192 0.69688 -1.93405 4.22958 -3.61591 2.81756
-2.54049 4.75582 0.300239 -6.48748 0.868531 -3.93577 17.8714 2.66539 -2.82709 -6.45097 -2.8712 -1.12701 6.15938 -0.00687635 0.244417 -2.5104 3.19219 -4.66419 -1.15588 0.511784 -3.48726 4.62385 -0.592483 4.95319 -0.958266 1.35175 0.698479 -1.85683 -1.60094 1.32865 2.75326 -5.11704 1.12901 1.55933 0.765544 0.32079 3.89612 -1.22226 -0.426038 -2.57973 0.481181 0.755081 -4.47249 -1.17198 0.303945 -0.721699 3.05959 0.543911 1.82848 -1.30057 0.101536 -0.487676 -5.73708 -1.98649 2.33093 10.5085 0.801428 8.10216 -1.1331 2.75888 2.41558 -2.50795
-2.54049 4.75582 0.300239 -6.48748 0.868531 -2.34697 17.8714 5.69187 -6.45097 -2.82709 2.947 -4.27866 5.66982 -0.00687635 -3.63295 -2.5104 3.19219 -4.78745 -5.86508 0.511784 0.663942 -0.0406868 4.62385 8.55894 -0.353326 0.418057 1.98204 3.30025 1.2728 0.0532891 -2.91071 1.19981 1.28878 4.99333 3.28891 0.191814 -3.09427 5.38702 -1.54889 -0.400729 5.5176 2.01032 -0.0670987 0.890255 1.57988 -1.69485 -0.970365 2.04737 2.24806 1.79572 -1.33257 -4.09502 -0.503558 -1.73023 -0.195148 1.70764 -0.185903 -2.61606 0.879445 1.07124 0.501519 7.75858
-2.54049 4.75582 0.300239 -6.48748 0.868531 -2.34697 -6.15857 17.8714 1.29495 -1.37588 4.60059 -4.27866 3.47291 2.21149 -3.63295 -2.5104 4.68519 -4.78745 -5.86508 0.511784 0.663942 -0.132904 4.62385 8.55894 -0.353326 0.606843 -4.91611 2.81113 -1.70121 1.0111 -2.35491 -4.70715 1.43588 0.560414 5.24092 -1.8072 2.47181 0.482262 2.84175 -4.43406 -1.26227 2.26619 -1.56249 -1.17311 0.115124 0.476039 4.64018 0.883881 -0.380313 2.45639 -0.243111 -1.47873 -1.32932 -0.347863 2.32371 -3.63816 1.13796 0.55512 -0.78356 -8.80964 1.86214 3.27266
-2.54049 4.75582 0.300239 -6.48748 -0.163932 0.868531 -6.15857 20.3432 1.29495 -5.75861 4.60059 -1.88383 3.47291 -0.550884 -1.29982 1.76708 4.68519 -2.22976 -5.86508 0.709569 1.17781 4.60779 -0.132904 8.55894 -0.353326 1.52209 -1.10835 1.79257 0.531644 1.57996 2.75437 0.239604 1.56014 -9.23248 0.301594 0.099775 0.000271339 0.173512 -0.777881 -0.198568 1.02726 0.61543 3.26714 1.43404 -6.81689 -2.83925 5.52923 -9.21858 -3.14169 3.56475 1.41218 0.748281 4.3218 5.30197 0.0541552 -3.54933 -4.48965 -1.5319 -1.4745 0.521477 -0.315711 -2.13511
-2.54049 4.75582 0.300239 -6.48748 -0.964516 -6.15857 3.50007 16.5986 1.29495 -5.75861 5.22609 -1.88383 3.47291 1.69281 -2.02225 -4.09957 4.68519 -2.22976 -5.86508 0.709569 1.17781 4.32665 -0.0204706 8.55894 -0.353326 -1.55119 0.56951 -3.52265 -1.36439 -1.76689 1.48483 -4.33796 2.93744 -1.32376 2.48324 -0.79575 1.10606 -4.2191 -0.730721 -0.691192 3.12353 -4.04981 -5.21305 -4.67901 -2.20315 -2.15962 4.62329 -1.81748 -1.51329 3.17559 -2.72499 -1.03215 1.34787 2.41554 -1.71255 -5.73909 2.59438 -1.00377 -11.1137 1.61066 0.353337 2.5021
-2.54049 4.75582 -3.61262 -6.48748 -0.964516 -0.72541 -0.764872 1.29495 16.6442 -5.75861 -2.10241 -1.88383 2.35781 1.34933 -0.967983 -4.09957 4.3807 -2.22976 -2.74904 0.709569 1.17781 4.32665 0.820054 7.35952 -0.0592051 -0.897397 -1.45819 8.26635 0.691761 1.9358 -3.34537 -2.06874 -0.47844 -0.696806 1.38789 -1.39394 -1.43218 -1.23216 -0.516017 -1.56651 7.61599 2.59622 2.68192 -3.14829 -0.975602 -2.66371 1.54231 -0.772816 1.27931 6.3579 -2.88298 2.05093 -2.52243 1.22137 3.25584 1.68454 -3.60861 0.648296 -2.12603 -4.89062 4.47034 3.9643
-2.54049 4.75582 -1.96216 -6.48748 -0.964516 0.247463 -1.62788 1.29495 17.1981 -5.75861 -3.32588 -1.88383 2.35781 -0.73652 -4.1809 -0.967983 7.42022 0.389759 -2.97958 0.709569 4.32665 -1.72079 0.820054 7.35952 -3.31941 2.82562 5.42745 -1.92112 -5.00507 -3.01377 3.02065 0.644377 -1.69348 0.720889 -1.70426 2.08847 2.76072 -5.5608 -3.09473 3.34548 4.96864 -0.972618 1.9189 -0.658877 2.67372 5.24297 2.4755 -0.0827515 7.042 0.39033 2.78039 -0.159981 3.0833 0.441159 3.2686 1.13096 0.273488 0.0123692 -4.12834 0.133649 2.65419 0.248783
-2.54049 3.4477 -1.04839 -6.21526 1.07492 1.8917 -1.62788 1.29495 20.8554 -3.31941 0.113385 -1.88383 4.75406 -2.48864 3.41056 -2.41096 7.42022 3.31214 -3.94292 0.709569 1.71906 -1.72079 0.939328 7.35952 -5.75861 -0.597037 1.14022 5.43832 3.14559 -4.54495 3.21436 0.387435 0.785218 -4.55791 -0.347029 -0.158543 1.80655 0.29698 3.5055 -5.33302 1.88726 -3.79715 0.0419621 0.555491 -0.651019 -1.86281 0.768279 -0.454423 1.60806 0.768242 1.98344 -1.60364 -2.74886 -1.1477 -3.35039 -1.30412 -0.975332 0.550918 0.802309 0.673638 -0.768293 2.87616
-2.54049 3.4477 1.453 -6.21526 1.07492 1.8917 -1.62788 20.8554 1.29495 -3.31941 -1.61791 -1.88383 4.75406 -2.48864 3.40282 -2.41096 7.15609 0.559364 -1.04016 0.709569 1.50274 -0.641665 0.0496624 7.35952 -5.75861 2.53984 -1.12246 1.71591 -0.44008 -3.93268 -8.69133 -5.60285 6.94244 -1.30178 5.95898 -2.83742 5.31653 0.760987 -3.36625 -0.659638 1.26926 -1.17004 -0.213217 0.49345 2.05793 -0.712242 0.0328374 -0.490018 -2.2234 -0.0864378 2.28826 1.63555 -1.39355 2.0577 1.52092 -0.509655 1.91823 1.87718 -0.00285513 3.61205 1.33396 -0.208412
-1.89326 3.4477 1.453 -6.21526 1.07492 1.8917 -1.62788 16.0502 1.29495 -1.61791 -3.31941 -1.88383 4.75406 -2.48864 4.53752 -2.39675 8.57854 0.984401 -1.04016 0.709569 1.50274 -0.641665 -1.3403 7.35952 -3.43069 1.68944 0.046119 -3.12858 2.60191 -0.950539 -0.218234 0.602763 -1.34601 -4.33485 3.98441 2.35177 3.50153 5.17085 -0.990321 1.37679 -1.32423 3.06386 -1.38047 -2.21406 0.264016 -0.355439 2.03645 2.85279 -1.19148 -3.08562 -4.18436 0.643567 5.37874 2.72175 1.79682 -0.103043 0.135699 -0.749996 -2.69601 3.11996 -0.967326 -1.38682
-1.89326 3.4477 -6.21526 1.453 -3.31762 1.8917 -6.57471 21.0481 -0.543445 1.71523 3.50951 -1.88383 7.64974 -0.134546 4.53752 -2.39675 8.57854 0.984401 -1.04016 0.709569 1.50274 -1.95964 -1.2151 7.35952 -3.43069 -3.45571 2.50288 0.641579 -4.19171 2.69811 1.56101 0.0827037 0.289409 2.42767 -0.67797 1.29279 -3.58185 -0.909876 -1.45911 -4.4554 1.75775 -7.86484 1.5458 1.29233 0.279522 -1.94839 -0.316785 0.428697 0.0991252 1.78208 -1.57922 3.17433 2.71785 -0.646616 -2.31535 1.52321 -0.392922 -1.50329 0.127638 0.574246 -1.49931 -0.438567
-1.89326 3.4477 -6.21526 13.6443 -3.31762 4.19095 -6.57471 -0.543445 21.0481 -1.56266 3.12918 1.34971 1.00579 -0.963089 4.38562 -2.39675 6.99192 -1.04016 0.984401 0.709569 1.50274 -1.95964 -1.2151 6.2862 -2.3585 0.332141 3.31887 -2.94883 -1.04481 2.82324 1.93062 -15.5485 -3.20627 3.47088 2.09711 -0.199462 -5.75195 0.13611 -5.26973 0.397146 -2.09271 -1.55751 -3.69169 -0.00451196 -2.3421 2.32132 -1.93525 -1.10107 2.71971 -3.09815 -1.36961 -0.33022 -6.40323 2.68186 -0.194782 -2.20749 -7.67976 0.67334 -4.97345 1.07371 4.00453 6.2515
-1.89326 3.4477 -6.21526 11.5685 -0.507047 -5.42696 -6.57471 21.0481 -0.543445 -1.56266 2.26558 1.34971 1.00579 -0.963089 3.19486 -0.0779058 4.64977 -1.04016 0.984401 0.709569 2.53424 0.699929 -1.2151 6.34304 -2.3585 1.72096 -0.808302 10.98 2.8118 4.09611 2.6158 2.9301 2.37784 -4.29708 1.56704 0.593083 -8.39697 -1.91204 1.51502 5.02977 -6.14929 5.86514 -1.45241 -1.25998 -3.88949 -2.66774 -3.84628 -1.26707 -0.382052 2.30898 0.719008 5.06042 -1.16312 0.144299 -0.40329 -1.51386 0.0606409 2.21867 -2.4859 1.77154 -0.58731 0.091082
-1.89326 3.62448 -6.21526 11.5685 -1.08234 -4.60149 -6.57471 21.0481 2.91925 0.494871 2.26558 5.52633 1.65427 -0.963089 3.19486 1.84919 1.00236 -1.04016 1.27389 0.764476 0.699929 2.53424 0.646906 6.34304 -3.64943 2.51058 -3.19017 0.119759 -4.86623 5.35734 -2.63407 -0.720528 0.983821 2.13254 5.42911 -4.08337 3.12179 2.79449 -0.868663 -1.28917 -2.02403 -0.81517 1.51136 1.56253 3.27576 1.53922 1.19498 0.116061 -1.50017 -0.900494 -3.58658 -1.16548 -1.96609 -0.240545 3.99512 0.716507 -2.00462 1.38956 -0.65429 -1.33563 0.746545 -0.799629
-1.89326 3.62448 14.232 -6.1393 -1.08234 -1.54488 -6.57471 21.0481 0.200978 2.91925 2.26558 5.52633 1.65427 -1.57276 3.19486 1.84919 1.00236 -1.04016 1.27556 0.852423 0.699929 6.26596 -1.20926 8.10164 -3.64943 -2.33121 -0.0228926 -3.79636 -0.220193 0.445722 5.15798 -1.98349 1.38928 -0.84237 -1.43454 -1.30917 -3.58749 0.116733 2.86969 0.879101 1.6685 0.0876814 1.67268 -0.903027 0.0641024 -5.89882 -1.02324 -5.51394 -4.68052 1.64584 -12.5994 -3.62531 -0.328661 4.65972 -1.05546 0.563811 -3.94885 2.68911 2.09973 0.0593873 -0.275647 -3.96124
-1.89326 3.62448 14.232 -6.1393 -1.36803 1.55304 -5.84609 21.0481 0.200978 3.52677 2.94502 5.52633 0.699929 4.05607 -1.57276 1.84919 1.73681 -1.04016 -2.61304 0.852423 1.65427 3.21269 -3.38999 6.36203 -3.64943 1.15453 5.64271 -2.87094 0.816113 2.64473 2.7139 3.46991 1.30094 2.89121 -0.962078 4.5715 1.08066 0.789423 -3.76425 -4.11643 -2.52129 -2.07361 -3.89587 -1.89098 0.947131 0.912356 -6.59894 0.355607 5.31515 0.859535 -3.02274 -0.892738 -4.21618 -1.67445 -0.321762 0.0624277 3.62865 -2.63709 -2.91746 1.79532 5.75611 1.50544
-1.89326 3.62448 11.0715 -6.1393 4.59593 -2.34733 21.0481 -5.84609 2.43676 0.200978 2.94502 2.44011 0.699929 3.15044 -1.57276 1.84919 1.06129 0.595072 -4.76585 0.852423 1.65427 3.21269 -3.38999 10.1252 -1.83176 -1.95895 1.44905 3.03437 -0.604868 0.54609 -3.44166 1.12522 0.0506707 -0.80145 -3.96999 -0.512956 -0.574856 4.28316 1.69904 -7.52252 1.49883 1.37342 5.86505 -0.878092 -1.04305 -2.0626 -4.43354 -0.532567 -5.8148 1.81325 7.18186 -2.09117 2.12933 -0.770845 -1.99992 -2.41356 1.1004 -4.47141 6.57294 3.06087 -6.66687 7.98783
-1.89326 3.62448 8.19933 -6.1393 8.85093 -1.50969 21.0481 -5.84609 2.43676 -0.648469 3.95649 -1.08551 0.699929 -1.57276 2.17906 1.84919 1.06129 -5.11729 -1.35553 0.852423 1.65427 3.08586 9.10618 -3.38999 -1.83176 -1.9554 3.63612 0.976318 -1.58846 -1.6112 1.23244 -0.359048 -3.2269 0.677247 -1.14663 0.363517 2.51665 0.99509 6.15383 1.01475 8.59899 -3.96883 -4.70422 0.827459 -0.819516 0.755582 1.54335 -2.79349 -3.14844 -1.93305 -2.95 -3.86778 -0.529681 -1.66509 0.774355 0.20483 -3.43498 1.37133 0.970684 -9.9628 1.52623 -3.63253
-1.89326 3.62448 8.19933 -6.1393 5.70617 -4.14152 22.6497 -0.451262 -3.16669 -0.648469 3.95649 0.699929 -1.08551 -1.57276 2.17906 1.54782 1.06129 -2.98124 -1.55674 0.852423 1.65427 -0.144478 9.10618 -1.63537 -1.83176 3.36756 0.391076 -0.412749 -2.57916 -2.2391 0.359753 2.72667 -0.344142 -4.35911 5.2904 1.51387 1.05698 0.696978 -5.274 3.16787 2.99571 -2.46016 3.32546 1.35401 -0.797868 3.00543 -3.47636 -3.02489 -0.561358 -0.718511 -2.00699 -1.90004 -3.32388 0.889793 5.75163 -3.07509 1.82586 0.179299 -1.03554 -1.19171 0.157377 0.346091
-1.89326 3.62448 7.9479 -6.1393 0.660427 -3.9972 20.4393 -2.23736 -3.23781 -2.72101 3.95649 -4.7857 3.31502 -0.823115 2.17906 2.63867 1.06129 -2.98124 -1.55674 0.852423 1.65427 -0.144478 9.10618 -3.1681 0.699929 -1.20562 -2.92262 -2.52653 -3.85801 -2.27691 -3.44716 -7.22605 2.48517 3.86405 -0.644676 -3.40741 -0.51907 -3.15549 -1.39311 1.80817 3.38088 3.06219 2.68357 8.93385 1.89445 -1.89423 -3.56233 0.855816 2.93764 1.02138 -1.31637 1.00819 -4.94409 -0.913634 1.39848 3.20859 1.4362 -4.05981 -0.747363 1.20432 -1.51037 1.11306
-1.89326 3.62448 4.10749 -6.66066 0.660427 -2.36769 19.0242 -1.66769 0.842842 0.917962 -0.564615 -4.7857 3.31502 -7.58808 2.17906 2.63867 -0.264184 -3.28864 -1.55674 0.852423 3.21346 -0.144478 10.9262 -3.48509 0.699929 -1.02068 -1.35408 -0.916616 -1.60057 2.10298 -5.07749 2.32029 -5.91988 -2.18701 -2.77641 -0.873365 -5.64048 5.24589 2.5434 -1.06166 -2.61723 -0.638248 1.86535 3.76483 -2.27193 -2.03513 0.723586 4.65632 4.29747 -0.746518 -1.33132 4.49868 3.74271 -0.530682 4.4108 -3.23266 -0.0114548 1.81465 -2.59832 -2.35996 2.26417 -0.541648
-1.89326 3.62448 3.78302 -1.41094 -6.66066 6.68256 19.0242 2.58806 0.842842 0.848559 -0.564615 3.21346 3.31502 2.17906 -3.74916 -4.13731 -0.264184 -3.28864 -1.55674 0.852423 -4.7857 -0.144478 10.9262 0.415872 0.699929 -4.36307 1.8663 -1.31528 2.81889 1.24759 -2.4421 4.13169 4.59961 1.8452 0.282494 -0.884093 -4.82408 3.21341 -0.89954 -5.32853 -4.0643 -2.58865 -0.882431 5.75307 0.762131 3.47737 -2.04194 4.61397 0.816157 0.55153 -2.19316 1.24308 -2.1194 0.186853 -7.21643 0.50186 -5.63733 -1.21296 4.38311 2.33586 -1.08631 -1.76828
-1.89326 3.62448 -0.937926 -6.66066 -2.279 6.68256 19.0242 2.58806 0.842842 0.848559 -0.564615 3.21346 4.19074 1.3015 -4.13731 2.86937 0.226881 -2.40399 -1.55674 0.852423 -4.7857 -0.144478 10.9262 -0.409594 0.699929 1.34609 3.2249 1.31776 1.04073 0.182473 6.03967 3.24971 -0.318587 -3.30865 -2.76818 -1.16444 -5.8715 4.59403 1.11894 -1.30367 0.394995 2.59104 1.58044 -1.13202 -0.960799 4.84423 -0.0226751 -0.107046 4.74819 -1.98575 -1.07329 1.10537 -0.790186 -1.90587 3.26134 -0.0398315 -3.48297 2.10911 -2.74484 -2.56229 1.91143 -1.45843
-1.89326 3.62448 1.11603 -6.66066 4.35882 19.0242 6.08832 3.152 0.842842 0.848559 -0.564615 3.21346 4.19074 1.3015 2.75535 2.86937 0.255546 -2.40399 -2.39266 0.852423 -0.144478 0.699929 10.9262 -0.409594 -4.96103 -1.40827 -2.92312 1.75332 2.78213 0.708631 -3.49529 4.25239 -1.48768 1.10114 -0.446989 -6.06529 2.63749 3.81371 -2.4091 3.62543 6.13948 2.37886 4.91275 1.26788 -4.94141 0.611201 -1.21964 -2.07255 -4.74522 -1.75889 -0.695792 1.06259 -2.33013 2.56284 -1.69256 -2.2793 0.635081 -2.53685 -1.67141 -4.81133 -2.09455 1.50866
-1.89326 3.62448 -1.15205 1.10157 -6.66066 19.0242 6.08832 3.152 0.842842 0.848559 -0.564615 3.21346 4.25178 1.3015 2.75535 3.33243 0.255546 -2.40399 -2.39266 0.852423 -2.56079 10.9262 2.35267 -5.06506 -4.96103 3.16872 7.62657 2.16487 -3.42923 -6.29537 1.24035 -1.39826 0.252483 3.14478 -1.17587 -0.513959 -1.35946 3.86769 2.65158 2.6172 -1.09107 4.51945 1.82444 2.12146 0.314586 -1.6658 -4.54935 -0.105901 -5.74927 -3.37221 1.86514 -0.035913 1.22451 -1.82156 -1.6287 1.21602 -1.68626 1.73463 3.63922 -4.37829 2.2713 4.85818
3.62448 -1.89326 -1.15205 1.10157 -6.66066 19.0242 1.8546 -2.64412 0.842842 0.848559 -2.85239 3.21346 -1.87181 1.16817 3.33243 -5.22872 0.255546 -2.40399 -2.39266 0.852423 0.4158 8.94068 1.16428 -5.06506 -0.564615 -1.64455 -1.91089 -1.62423 4.48786 0.652741 -0.131923 -3.41064 1.11548 -2.13691 -0.571864 0.943874 2.58468 -0.864945 -4.93848 2.62943 -2.44126 2.68057 -0.599641 3.69304 -3.39981 2.32368 3.39657 0.947869 2.87696 0.85924 -3.17512 3.88785 -2.43325 3.92943 0.925122 2.76147 -3.56087 1.54646 -2.27576 -3.81662 1.05254 3.64766
4.02626 -1.89326 1.94726 -6.66066 -1.15205 19.0242 -0.12105 -2.64412 0.842842 -0.188995 -2.85239 6.62301 2.77494 1.16817 3.3348 -5.59576 0.255546 -3.02949 -1.52169 0.629956 0.4158 8.94068 -0.898751 3.09371 -9.89151 -1.43329 3.67698 0.0587128 -6.01118 1.35908 1.63876 -0.0686631 -2.96338 -5.26485 -2.16357 0.285836 5.31818 2.20896 -0.742405 2.05175 4.41213 0.72203 -2.7201 0.0786153 -1.90972 -2.68674 1.0099 2.72996 3.02275 -0.0972109 2.80139 -1.10003 -0.518353 1.59284 1.03335 -0.474799 -1.54434 -2.43015 1.32032 2.08439 5.15992 0.0234891
4.02626 1.94726 -2.84348 -6.66066 -1.33506 -2.85239 -0.12105 -2.24355 -1.85561 0.842842 19.0242 5.21395 2.28297 1.31603 3.3348 4.04053 0.255546 -3.02949 -1.52169 0.629956 0.4158 9.6412 1.11628 -0.972407 -4.86824 -1.43223 3.61585 0.0768374 -3.30065 -3.35968 -0.699704 0.0405298 -1.18503 -2.10856 -2.45476 -1.49425 5.08454 -0.0170699 1.57094 2.43204 1.99449 1.11696 4.62076 2.63623 3.31172 -0.366744 -0.994159 1.9101 1.50211 -0.954403 -4.20419 0.518614 0.214213 -0.941924 2.14377 -2.33016 1.42642 -1.93226 4.02621 0.198858 1.29084 -0.65925
-0.203536 4.02626 -2.84348 -6.66066 -1.33506 -2.85239 -2.00313 -1.88274 -1.85561 -2.65277 18.7252 3.97812 1.88517 1.40967 0.819917 2.69759 -1.03021 0.255546 -1.52169 0.629956 0.4158 9.6412 0.243194 1.03178 2.34688 0.941411 1.61766 -6.12982 1.21571 -2.08735 1.53089 -2.98699 -2.87091 -0.919029 1.05972 0.2534 1.77756 7.35464 -4.34918 0.521903 1.26996 0.839778 0.347524 -0.0404916 -1.53318 2.05002 0.995215 1.75411 1.98252 2.92132 0.44626 0.789074 -6.68457 -0.967916 -1.95142 3.71642 -2.56335 2.48279 -0.556346 -1.27634 -0.862644 -3.94209
1.29404 -2.84348 4.02626 -6.66066 1.68199 -2.85239 -2.00313 -4.32614 -4.76681 -2.65277 18.7252 3.97812 1.88517 1.40967 -1.52169 2.69759 1.49669 0.255546 0.629956 0.819917 -2.12014 9.6412 5.33021 2.04394 -0.450833 -1.32717 4.84175 -2.16877 -0.390707 3.69318 2.18859 0.386165 3.42008 -1.93649 -1.17309 -1.63487 -0.871138 -1.10302 -9.20799 2.68646 -2.31169 -3.57366 2.34311 -5.49318 0.772697 3.07291 -1.5987 -0.765871 1.57777 6.20168 1.6403 -2.60311 -1.05736 1.08103 1.50226 -3.25855 1.4413 -5.93307 -1.04557 -2.06331 1.36261 3.35811
-1.39346 -2.84348 4.02626 -6.66066 3.77121 -2.85239 0.934686 -4.32614 -3.91494 -2.65277 18.309 3.6677 1.88517 2.03162 2.69759 -2.74041 0.255546 1.49669 1.31417 0.819917 -2.12014 9.6412 -2.23341 1.57823 2.58069 2.99005 -1.43482 0.174888 -1.16805 0.171446 1.01768 1.4619 -0.304978 1.00611 0.0744544 2.58171 4.4434 -1.83777 5.2748 0.536126 -2.32347 0.938344 -1.9755 0.699797 1.03116 -1.1102 -0.505305 -3.28309 1.19049 -0.186495 -1.48661 -3.7014 -3.28326 -1.50457 5.40699 -0.39992 0.520318 -0.824931 1.92228 -0.907196 1.48978 -3.98258
-1.39346 -2.84348 4.02626 -6.66066 -1.4966 -2.85239 3.06748 -4.32614 3.19401 -7.5118 0.819917 3.6677 0.183351 1.92843 1.91711 -2.74041 -0.742951 0.0490417 1.31417 18.454 -2.12014 9.6412 -0.721014 3.09826 -1.83491 3.51551 2.59981 1.96885 5.77898 -1.12752 -5.82965 1.54701 3.16508 -1.50765 0.78081 -3.28714 -2.10622 -2.10481 4.71843 0.315339 3.06896 -0.108654 -3.9302 2.72285 -2.82189 2.24654 -0.613077 -1.14772 0.382317 -3.99671 -1.36817 -1.52481 -1.23976 3.08172 1.1416 0.274223 -5.54381 0.310489 -0.955229 -7.24154 -4.09237 -4.20555
-1.39346 -2.84348 4.02626 -6.66066 -1.82547 -4.93877 3.06748 -3.58476 3.81798 -3.78179 0.819917 4.76327 0.183351 1.15313 1.91711 -2.74041 0.787476 2.97387 1.31417 -2.12014 18.454 9.6412 0.416149 -0.679149 2.49421 2.56273 1.66293 0.414933 -1.14096 1.44333 -2.37076 -6.07841 -2.09713 -0.188872 0.656867 2.69532 -4.05528 -4.13649 1.83149 -0.206773 5.28288 -0.167308 -0.449834 0.350349 -1.5217 0.870846 1.02307 3.28468 0.329564 3.51931 -0.822574 3.20389 -1.66543 -4.06439 -0.0123917 0.644059 4.55515 -0.303806 2.12562 -3.96999 4.79313 1.24823
-1.54938 -2.84348 4.02626 -1.82547 -6.66066 -4.93877 4.29684 -4.24035 4.48144 -3.78179 0.926431 1.09212 0.183351 -2.55946 1.91711 0.717911 0.787476 0.772777 1.31417 -4.9 18.454 7.86893 4.22037 -3.33471 -4.34367 1.1665 3.98832 2.19499 -1.96556 1.24073 -0.281679 -7.30804 0.760406 2.63823 -0.8036 -4.11663 -0.887618 2.74644 -6.69888 1.70044 2.61687 5.39435 -1.10386 0.0297771 -6.12647 -0.371806 1.01719 -1.27789 -3.28203 0.617786 0.241105 0.884828 7.31562 -7.77275 -0.0220838 -0.305987 0.587844 3.86921 -2.3711 -2.58853 4.15828 -2.12289
-1.54938 -2.84348 4.02626 -1.82547 -6.66066 -4.93877 2.5405 1.24812 4.48144 -1.44228 0.798401 2.01571 1.3775 -2.55946 4.65574 0.772777 0.307205 0.787476 1.31417 -4.9 14.5103 7.86893 -0.613095 2.57843 1.44507 3.01087 2.80444 -3.40357 -2.18368 0.555088 -0.365852 -4.44294 0.0484725 0.244284 0.153248 0.574646 3.66024 -0.450831 -2.21625 9.88591 -1.34969 -4.03696 -3.27886 3.09656 -2.19916 -0.617164 -3.2592 -3.57176 -3.11015 0.39919 0.899597 -0.437932 2.36414 -2.79668 2.28153 8.57025 0.961419 -3.83115 -2.05941 -3.65931 -1.35171 1.2301
-4.69086 -2.84348 4.02626 -1.62206 -6.66066 -4.93877 -4.22919 1.24812 4.48144 -1.44228 6.21469 3.38442 2.01571 -2.55946 4.65574 0.772777 -1.58862 -1.79015 1.31417 -4.42425 14.6969 7.86893 -4.84375 -2.251 -2.06518 1.19206 -7.05559 -3.10408 -2.5464 2.0457 0.284046 -0.432046 -0.38506 1.72891 5.8051 -3.41793 -0.446637 -2.07684 -2.72056 0.545615 1.81361 2.84742 3.17333 -1.66876 0.546569 -1.75969 2.97172 -3.85057 -2.28033 -0.717711 -1.15411 1.42587 -2.57335 -0.66552 4.65918 -3.88196 4.50691 1.19662 -1.35529 3.3747 3.29331 -4.21577
-3.0779 -2.84348 4.02626 -1.62206 -4.93877 -6.66066 -4.22919 1.24812 4.48144 3.36335 -1.44228 1.59024 2.01571 -0.0314484 2.83828 -4.00896 -1.58862 -3.09186 1.31417 -7.32221 17.3664 7.86893 -1.04712 -1.30589 -0.210709 0.97442 2.32535 1.02926 -3.8796 0.796342 3.04647 -5.21301 -1.54389 -1.33274 2.95894 3.81954 0.0439296 -0.00933302 -0.421152 -0.29038 4.35172 -1.24154 0.332668 2.42327 1.79316 -5.15595 -1.12279 1.71833 3.2883 1.79168 -0.299648 2.08638 -0.25847 -0.477154 -2.05624 0.781654 1.36436 -4.44811 -0.278326 2.09857 -0.274985 0.668675
-2.84348 0.112693 4.02626 -1.37158 -2.99357 -6.66066 -4.22919 -1.22079 3.93541 3.36335 2.69585 3.21487 2.01571 -0.0314484 -2.22471 1.70833 -1.58862 -3.09186 1.31417 -5.59323 7.86893 17.3664 -0.498643 -0.288417 -4.062 -4.44789 0.173016 -1.69728 -1.41433 1.09752 1.4613 -0.943692 -0.999611 2.43512 5.00024 3.54445 -0.104128 1.5317 -4.90171 -2.04735 -3.15853 -1.57112 0.0829846 -0.912139 -1.35747 1.18883 1.35904 -0.133164 0.236883 -4.24545 -4.39786 -0.524506 1.95388 2.9906 0.382877 0.62055 -3.03755 2.96618 1.71161 -3.3105 0.324774 -1.93848
-1.64098 3.57771 4.02626 -1.37158 -3.3214 -6.66066 -4.22919 -1.47129 -2.60737 3.36335 -0.291626 2.01571 3.21487 2.52951 -2.22471 1.70833 -0.236239 1.31417 -0.521035 -5.59323 7.86893 17.3664 0.551922 -1.66874 4.77095 -0.511002 0.939284 -3.36182 -4.35281 -2.7386 -1.65456 8.86498 0.325657 1.15549 -3.10541 0.725551 0.395698 -2.90002 -2.09363 -4.36613 7.01043 -7.24532 5.50938 1.12753 1.4604 2.5362 0.761231 -13.1323 2.9389 1.31342 5.19614 5.35155 -1.8167 0.866243 6.66125 -0.600979 -0.54157 -0.532808 -6.56358 -4.95196 1.25873 -1.693
-1.64098 3.0303 4.02626 -5.31889 1.35144 -6.7486 -3.30383 4.39901 -2.60737 1.31991 -0.291626 2.01571 1.56594 1.54122 -2.22471 2.81115 -2.26237 1.31417 -3.12369 -5.59323 7.86893 17.3664 -0.188336 2.54947 2.51703 3.745 1.80011 -1.28815 3.41702 -3.42325 -7.02457 0.59246 -0.0631723 -0.340791 -4.35266 0.0381566 -0.707776 -0.775447 -1.62751 -1.08536 4.09634 -1.0144 -0.180133 0.813694 5.91472 -0.555692 5.12326 0.520421 -0.721469 -0.164093 -1.29498 -0.462052 1.09061 -1.23947 0.24751 1.50563 0.544388 0.082079 2.0739 -0.615743 -1.66273 0.619722
-1.64098 4.02626 3.0303 -3.84735 0.61538 -6.7486 -3.30383 5.8722 -2.60737 0.799749 2.01571 -2.12652 -0.188593 1.54122 -2.22471 2.81115 -2.26237 1.31417 -3.10438 -4.94867 7.86893 17.3664 -8.1098 -1.82403 1.20485 0.511318 -1.78018 1.5397 3.14772 -1.61514 -0.0524547 -0.384403 -4.27913 0.751082 -1.70179 -1.70332 1.14409 2.6513 3.53733 -3.46722 -1.2411 -1.77674 1.5187 3.70168 4.30209 6.35175 0.449916 0.34255 0.226946 2.82278 -1.51358 1.48142 3.13156 2.05262 2.11342 -4.01108 -4.66571 -2.83521 -2.57904 -2.76005 5.16446 1.42087
-1.64098 4.02626 -1.35169 -3.84735 0.61538 4.14901 -6.7486 -3.30383 3.67547 0.799749 2.01571 2.63258 0.524019 1.54122 -2.22471 0.60699 -2.26237 1.31417 -3.781 -6.72457 7.86893 17.3664 0.795305 -1.44472 1.2396 2.48661 -7.55844 3.57845 0.047966 -1.2184 -2.5862 -4.50525 -2.35293 1.69578 0.295709 1.23604 0.946152 -3.379 0.786011 0.152941 1.25794 -6.43698 -4.4141 0.0924488 -0.511083 1.04462 0.756566 -0.451167 -2.60549 -2.82529 6.39952 4.45449 -1.50059 0.510462 0.120115 -2.01335 3.79121 -1.1377 1.98146 -1.32814 -3.18122 -4.73133
-1.64098 4.02626 -0.221875 -3.84735 0.61538 1.04769 -6.7486 -2.19159 3.67547 0.799749 -2.56071 2.63258 -1.94586 -0.321525 -2.22471 -3.16814 0.722282 1.31417 -3.781 -6.88006 7.86893 17.3664 0.795305 1.56149 -1.17092 -4.57861 -8.94048 0.958236 1.16002 -1.46887 -2.5862 0.476951 -2.35293 1.69578 0.295709 -2.58173 0.946152 -3.379 0.189101 0.152941 1.25794 -2.2443 -5.28972 -1.98721 0.75476 -4.76255 2.6324 -1.48989 0.669553 -0.0588114 0.684558 3.18161 2.87794 -1.34004 1.27096 -4.82437 -1.06719 2.11542 -3.48391 -1.2169 0.198272 -1.80496
-1.64098 4.02626 -0.221875 -3.84735 0.61538 1.04769 -6.7486 3.67547 3.93968 2.71301 -3.40408 -2.56071 -1.94586 -0.321525 -2.22471 -3.87023 0.722282 1.31417 -3.60171 -6.46973 7.86893 17.3664 5.85698 0.438593 -0.541113 -4.57861 -1.70394 0.0173234 1.16002 -0.315648 2.74465 2.00208 -2.35293 1.69578 -0.175847 -0.934446 0.946152 -3.379 0.189101 0.152941 1.25794 -1.04829 -1.55968 -1.98721 -0.0157572 2.63693 -2.28063 -1.66711 -8.9235 1.86876 -0.44907 -1.93088 2.05704 -18.5475 3.4762 2.11569 -0.139593 -1.66108 -1.13814 0.110043 -3.81647 1.80897
-1.64098 4.02626 0.874829 -3.84735 0.61538 1.04769 -6.7486 -3.86135 3.93968 2.71301 -3.40408 -2.27064 -0.987481 0.742789 -2.22471 -3.87023 0.722282 1.31417 -3.60171 17.3664 -6.80431 7.86893 -1.84047 -0.914425 1.17594 3.95932 0.802311 2.62717 -1.18202 -0.606183 0.847963 0.0216003 2.95759 -1.43691 2.55666 -4.98013 5.68751 0.509379 2.42338 1.50249 1.22175 2.75318 -1.18434 -2.15376 3.08113 1.52547 -3.85723 4.22513 2.57953 1.31924 -1.93968 0.389785 0.1339 -0.318862 0.953581 -5.11211 0.272798 0.822085 -3.26834 -1.66417 0.412342 5.52701
-2.00637 4.02626 0.498973 -3.84735 -7.01757 1.04769 -6.7486 -3.86135 3.93968 4.05726 2.71301 0.610791 -0.987481 -3.94238 -2.22471 -3.87023 1.31417 0.722282 0.460732 17.4791 0.333441 7.86893 -1.52232 1.3952 0.120928 0.442673 0.451595 -0.563284 8.18829 -1.73072 4.66163 -6.13578 -2.56 1.57202 3.04706 -5.31395 -0.463987 -0.243183 -2.41599 2.25795 3.05577 2.73253 -2.69038 -0.86109 -9.67564 1.66956 -1.5105 0.666317 0.536711 3.0381 -3.40249 2.92963 0.530278 -1.69994 -0.601945 -4.42041 5.29457 -2.17238 -3.5681 3.15952 0.7516 -0.497669
-2.00637 4.02626 0.498973 -2.12799 -10.6608 1.04769 -6.7486 3.64647 3.93968 5.62617 2.71301 0.519543 -0.987481 1.27112 1.64563 -3.66965 1.31417 4.81882 1.23447 17.4791 7.86893 -0.211503 -3.94433 0.269785 -1.243 -3.13358 -0.0522466 -0.620706 -3.76952 -4.07153 -3.40651 1.3087 -2.94849 1.13902 0.735581 -2.4856 -1.85507 1.5715 1.63671 3.31891 1.61803 -3.8134 -2.72065 0.404741 -0.0361236 0.268454 0.72669 -3.55804 5.19235 1.6244 1.05841 -2.06262 1.50624 -0.713192 -2.43147 -2.7958 -0.0420651 1.27992 2.61273 -3.32422 1.9007 7.24205
-2.00637 4.02626 1.94072 -1.10886 -11.2793 1.04769 0.972462 3.93968 -6.18162 5.62617 2.71301 -0.633546 -0.987481 1.27112 1.64563 1.37739 1.31417 4.81882 1.23447 23.2828 7.48847 -0.547927 -6.09457 -0.0223356 -2.53676 1.9312 2.08863 1.99925 -1.5381 -0.083717 3.03597 -1.24405 0.141361 3.65163 3.46636 0.571695 0.835221 0.975339 1.48835 8.53575 4.83661 -3.23118 2.66501 0.818484 -1.35511 -0.977513 0.41215 1.00411 3.29992 -3.97733 -2.23189 -2.88397 2.24652 -0.990004 -2.93256 -5.21355 0.71002 -1.27747 -2.81576 -0.918486 0.603162 2.28865
-2.00637 4.02626 1.94072 -1.10886 -11.1494 1.04769 0.972462 3.31512 -6.18162 5.62617 3.2456 0.585859 -1.81155 1.27112 1.32624 1.64563 1.31417 3.88447 -2.85435 23.2828 12.6779 1.59017 0.858611 1.79354 3.36056 -1.19675 -2.49537 -0.919684 -3.32873 -0.242651 4.30417 1.13736 1.30147 -1.11898 -7.52775 -1.24053 -1.95481 2.11275 -0.482333 -2.76635 -2.51357 1.58936 -13.0955 -1.33619 -1.07534 0.169431 -7.65442 -0.457584 -1.98227 8.56137 -2.51681 0.0388644 -3.54673 0.135317 0.440734 0.15652 -0.181135 -7.96775 -1.35098 3.1409 -5.04344 1.48151
-1.95034 4.02626 1.94072 -1.10886 -8.0543 1.04769 1.0121 3.31512 5.59281 -6.18162 0.585859 3.2456 -1.81155 1.32091 1.32624 -2.5017 1.31417 3.88447 -2.85435 20.312 12.6779 1.41829 2.03657 -0.812978 -0.167098 -2.90353 1.74941 -0.587606 4.69019 -1.21916 -5.3454 -3.28169 -1.53937 -2.53585 -0.669233 -2.37784 -3.2692 -4.86172 5.2855 -1.38459 -0.326965 5.66161 4.52531 -1.66938 -2.79889 2.48296 0.371616 -3.62272 0.937495 -0.348953 -7.96377 0.0911988 3.96552 -0.758673 -2.13634 0.82784 -4.04359 -1.15425 0.178375 2.08992 -0.271609 -0.77885
-2.54923 4.02626 -1.92667 -1.10886 -2.69569 1.04769 1.0121 1.44047 5.59281 -6.18162 3.2456 0.585859 -1.81155 -1.13883 2.56528 3.94996 1.31417 -0.0317247 3.88219 18.9377 6.32368 -2.38612 1.3972 0.997039 5.58837 3.473 -3.26004 -0.996788 -1.55542 1.56546 4.27608 -0.742728 2.98237 0.940462 -4.07883 3.32788 7.80885 2.97809 -4.44232 -5.79465 4.16781 1.90506 -2.33567 -0.262835 1.48821 0.21902 4.87942 0.989591 -0.144094 2.48317 2.09338 -2.63781 -1.70203 0.750535 3.02818 2.16417 1.65631 3.1014 0.789999 2.22879 3.4189 2.2377
-2.54923 4.02626 -1.92667 -1.10886 -2.69569 -5.54713 1.44047 2.06981 5.59281 -6.18162 3.2456 0.585859 -3.25083 2.56528 1.7364 -3.78678 1.31417 1.06322 3.88219 18.9377 6.32368 2.70303 -1.34236 -0.0618029 -5.47074 -1.84411 3.45044 -1.2874 0.884366 1.81099 1.97614 -0.189796 -0.386134 -0.227861 -4.03946 -11.0364 -2.51859 -3.2422 2.24883 -6.01917 -0.900368 1.94755 3.51674 -3.49689 -2.06198 -1.59531 -3.25115 -0.553549 -5.35775 -0.928654 -1.64409 2.32786 -0.831429 -1.8969 -3.19673 -1.48461 2.72105 -1.95632 -3.10465 0.43018 -1.62098 1.6654
-2.54923 5.67086 -1.92667 -1.10886 2.00582 -3.23458 1.44047 2.06981 3.80333 -6.18162 3.2456 1.83294 -3.25083 0.630462 0.778288 -2.04031 1.87159 1.06322 0.134966 14.3511 9.94295 -1.34236 2.70303 -0.0618029 -2.87001 -1.84411 -1.2874 0.878198 1.39359 -2.46517 1.89497 1.32153 -3.87695 -3.25445 1.08836 -5.90132 2.20628 -3.47225 -4.9561 -1.38764 -2.0539 1.80556 0.887224 0.499147 0.206262 -2.23433 3.52316 -1.59653 -1.43483 5.98054 0.605624 -2.97693 -2.73146 -3.08867 1.88807 -0.0569973 -2.11941 3.34293 1.23872 4.89375 0.0264344 -1.88757
-2.54923 5.67086 -1.92667 -1.10886 -5.37507 2.00582 3.05635 4.74971 -6.18162 5.69022 2.14245 1.27142 -1.46257 -4.15456 0.534547 -2.03394 1.87159 1.64358 0.134966 16.0536 8.12976 3.5285 5.20734 2.3433 -2.97089 -2.21435 3.03204 -3.8687 -0.679115 -1.71705 -1.50161 1.44924 -3.3708 -1.12784 4.83774 -0.464848 0.167838 -0.478074 0.773177 2.49033 -1.6149 2.91823 3.0351 -1.00185 1.9074 0.415761 3.88732 -5.14646 2.84706 -1.69411 -1.21282 -3.82704 -2.78428 1.29899 5.9512 -2.5104 -3.84796 -1.24546 1.85856 -2.9791 2.27044 4.25802
-2.54923 5.67086 -1.92667 -1.10886 -2.85742 2.00582 0.330607 4.74971 -6.18162 3.65465 2.14245 1.27142 3.32151 1.30495 0.0471524 1.87159 -2.03394 6.81384 18.3047 1.78563 8.12976 1.33976 -3.14606 2.86542 -4.23705 4.76372 3.28386 1.2419 -2.7302 -0.589946 -3.64902 -1.64827 -1.71824 2.24414 -0.527171 -4.88854 -6.6906 0.71462 12.367 -2.55217 -4.58069 0.4972 1.65174 -0.527482 -3.05109 -0.425658 -1.51122 5.93123 -0.619311 3.81535 -0.913358 0.92525 -0.459873 7.23352 -2.4809 -3.53378 0.312544 6.08912 6.32821 -0.0639451 3.55457 0.0768904
-2.54923 5.67086 -1.92667 -6.51128 -2.85742 -0.889644 3.14411 -1.00419 -6.18162 3.32638 1.28342 1.27142 3.32151 1.30495 -1.07377 1.0438 -1.2842 7.62499 18.3047 1.78563 8.12976 1.5305 0.53387 2.5254 -3.03346 0.537044 -0.901217 3.15569 0.279363 -0.276274 2.15311 -4.92343 -1.70447 1.96588 -2.04433 0.27077 1.54197 -1.76121 1.49931 1.33303 0.129158 0.88348 -3.69812 4.07748 1.8118 -1.72957 1.14267 0.860351 3.80563 -2.72569 1.47206 -3.22878 7.28653 -2.47029 -2.86868 1.84301 1.77619 -4.1702 -0.208599 0.0278877 2.91474 2.47249
-2.54923 5.67086 -1.92667 -5.95469 0.276493 -3.09179 7.11089 2.3191 -6.18162 4.2862 1.28342 1.27142 3.32151 2.67238 3.912 1.0438 9.47883 -1.2842 18.3047 1.78563 8.12976 -1.23224 -1.57877 -0.859693 7.35765 -3.75349 1.81882 0.179528 -3.36426 2.99057 2.18022 -4.10585 4.17399 -5.03812 0.0574309 -3.82049 3.18932 2.36948 -0.50815 -0.190218 1.49358 0.569972 -0.724064 2.00223 6.05464 -2.71848 1.64256 1.26547 0.787997 -4.61291 1.79 6.36055 -0.0364638 1.24426 -8.97738 3.63964 2.19562 1.62051 -0.331973 -2.65575 1.07865 0.470154
-2.54923 5.67086 1.11573 -5.95469 0.276493 -3.43551 4.73154 0.644593 -6.18162 3.79397 1.28342 2.58365 1.35595 -1.16468 3.912 1.0438 8.88435 1.31661 19.738 8.12976 0.277165 -2.02959 1.78568 0.10762 -0.938881 0.893216 -1.0883 -2.05743 0.256355 1.9746 -1.98027 2.68146 0.974251 2.15124 1.50322 -0.764263 6.55071 -3.51097 -0.643659 0.149209 1.67587 0.272172 -2.41188 -0.342619 1.34708 -0.783041 0.951963 -1.67264 -0.367968 1.96633 -1.27662 -1.46171 0.120112 0.68763 -0.779531 4.32246 -1.56961 3.35282 -2.51117 5.99554 -3.59688 -3.51738
-2.54923 5.54706 1.11573 -5.95469 -0.160431 4.74411 -0.278878 1.24619 -6.06927 3.79397 0.997311 -2.90643 2.58365 -1.7785 3.912 1.0438 8.88435 1.31661 19.738 8.12976 2.01887 -0.0270007 0.735118 -0.741335 2.8662 0.255699 1.16754 0.878118 -0.940847 -0.482825 -0.665331 7.05041 1.58135 1.14172 2.94949 1.59933 -0.058953 1.31286 -1.48781 5.39207 -1.08717 2.28699 -0.750249 -2.41706 -1.7686 0.336944 -6.63602 -0.434709 -1.02165 0.443895 1.37937 -1.06494 -2.25768 -6.22004 1.88073 -2.0439 -0.0663064 3.96448 -0.24939 1.57606 2.74969 0.1165
-2.54923 5.54706 1.11573 -5.95469 -1.22888 4.74411 2.48344 -1.62572 -6.06927 3.79397 -2.90643 0.997311 2.42456 -1.7785 1.32637 3.912 5.71873 1.31661 19.738 11.9277 3.13813 -1.83774 -2.77952 -0.364918 0.688462 4.58109 -0.556264 -3.76855 1.8561 1.56272 0.596279 0.890514 2.74288 -1.92776 2.36452 -0.695548 -1.67183 0.719882 -0.583136 0.146655 0.232437 -2.71763 2.4254 -0.636656 1.49578 -3.16613 -0.369795 0.956681 1.66651 -0.711267 -3.59382 4.03487 0.0336229 -0.219828 0.292711 2.90692 -2.34733 -2.14909 -1.01108 -0.890444 -0.68436 -0.824628
-2.47355 5.54706 1.11573 -4.05589 2.91994 2.48344 -0.925507 -1.62572 -6.06927 3.79397 -2.90643 0.997311 2.42456 -1.08099 1.32637 3.912 -3.68982 1.31661 19.738 8.92035 -0.572471 2.31181 -2.97935 -3.94309 -0.710091 2.00236 -2.40956 -1.47584 2.77616 1.34974 2.4275 0.282539 -1.01949 2.83401 -0.60526 -0.506222 -0.318952 -6.22712 5.65883 -0.691348 3.41385 0.0817373 4.39384 -1.59021 3.11135 -2.0393 -0.00153842 -0.778913 -3.26392 -1.8759 2.43123 -2.4691 -2.60843 -1.41946 2.24663 -4.94765 -3.80387 -2.4145 1.64981 1.42369 1.43556 -1.01208
5.54706 -2.47355 2.62787 -4.05589 2.91994 1.53175 -0.961821 2.62124 -6.06927 3.79397 -2.43334 19.738 2.42456 -3.31316 1.32637 -3.68982 3.912 1.31661 0.997311 8.52369 0.0469791 0.473334 -0.365812 6.8161 -2.50898 -0.711725 7.31998 1.40061 -5.70994 1.46134 0.00883277 4.74831 2.29345 4.45371 -1.13234 -1.35211 -3.00422 0.0881389 -1.15117 -0.845131 2.04254 -1.29865 -0.334206 1.60539 -0.0756992 -2.62728 2.63228 -2.6369 -0.145087 -0.651068 -2.89122 -0.302401 -1.93051 -4.40076 2.67729 0.221842 0.997609 1.94674 0.741284 -2.81481 -1.83813 -2.11484
5.54706 -2.32662 2.62787 -3.45205 2.3809 -0.8155 -4.60781 3.44938 -5.72651 2.68299 -0.256922 19.738 2.42456 -3.31316 1.52386 0.286612 1.31661 0.997311 -2.05045 8.52369 2.29074 -0.413562 3.74012 1.41328 -3.52926 0.32336 -6.45585 2.2568 0.494495 3.36461 5.37917 7.71392 -0.481974 -0.111131 6.07352 -1.73775 4.33364 -3.50271 -1.55254 0.0162019 4.05812 2.49737 -1.64613 -0.814831 -0.36182 -4.42833 1.13573 -0.903945 2.50623 2.7479 0.35074 -2.03169 -1.61022 -4.11902 4.96657 -2.96926 5.71597 1.31485 -1.82163 -2.16922 -3.33643 -1.28865
5.54706 -2.32662 2.62787 -1.35812 -3.53491 -0.8155 -5.49813 -5.72651 -1.99993 2.68299 2.44258 17.755 2.42456 -3.31316 1.52386 0.286612 -0.973982 1.73499 -5.30342 10.3119 3.40727 6.5968 -0.377496 2.4038 -4.44495 0.747381 -4.8906 4.22624 3.61821 -1.13245 0.46252 -2.14229 3.3492 0.602314 -0.534621 -0.949199 -1.61185 0.896904 3.37817 4.48967 -2.11431 -0.34291 -12.0817 -2.02396 0.912655 -3.75575 -3.17488 3.53725 0.881819 -1.14273 1.91647 -0.998109 0.2138 3.97408 1.96571 2.40086 -0.806971 -5.3453 0.534137 0.0668691 -1.83388 6.71204
5.54706 -0.0418213 -2.32662 -0.941023 0.695242 -3.53491 -5.49813 -5.72651 -2.3532 2.68299 -0.394908 17.755 2.42456 0.299056 1.52386 0.286612 -0.973982 1.73499 -5.30342 10.3119 1.03098 3.43261 1.25898 -1.57447 -2.0945 -0.443379 0.506917 -2.42357 -1.75797 7.36592 0.735286 -7.42436 0.972007 -4.18676 2.11907 -0.950607 -0.373583 -0.890545 1.35583 -4.22759 1.7591 -4.55789 4.00989 3.26428 0.681278 1.30812 -3.66071 -1.95128 -3.64087 -10.8886 -2.40029 -5.59539 -1.15154 4.93394 -5.22748 -0.994814 -0.5653 4.43281 -1.89554 1.6238 -0.198443 3.40988
5.54706 0.0124565 -2.32662 2.06955 0.695242 -3.53491 0.406992 -5.72651 -0.548381 -2.3532 -1.34361 1.73499 2.42456 4.29519 1.52386 0.933968 18.0915 1.96747 -6.53958 10.3119 0.109908 -2.46509 2.23173 3.44106 -2.67912 4.15439 1.35702 -0.141715 2.7935 3.81932 -0.336528 0.371721 1.54114 2.11045 -0.0254177 6.4418 -1.68527 0.81312 3.52323 0.620277 -1.00287 -4.81186 4.88117 -1.19442 -2.94894 -0.966942 -0.62652 -5.52921 0.35902 7.4097 0.174558 1.72317 0.844285 -1.81688 -3.77743 2.72167 -2.59619 1.29272 -0.190443 1.17492 -0.500987 3.68519
5.54706 0.0124565 -2.32662 1.15592 -3.53491 0.695242 0.406992 -5.72651 -2.3532 1.12979 -1.34361 1.73499 2.42456 5.63438 1.52386 0.933968 18.0915 3.12452 -6.53958 10.7277 -1.31389 3.50587 -1.0724 2.03434 3.96535 -2.64903 0.135438 -1.16984 2.67434 1.42734 0.691732 1.47489 -2.16443 2.88776 -1.32266 -2.8447 -0.803503 1.11022 -1.39717 -0.781594 2.80664 -1.58626 1.3692 1.32022 -1.12518 -3.11057 -0.179793 3.60236 -2.96328 -1.56037 -0.384989 0.868886 -1.04909 1.45859 -0.963063 -4.19199 -0.15885 4.17283 -1.55177 0.286092 0.84997 -0.769248
5.54706 0.0124565 -2.32662 1.15592 -3.53491 -0.945559 -1.16317 -5.72651 -2.3532 -1.34361 -0.386099 1.73499 1.71678 1.18532 1.52386 0.933968 10.7277 3.12452 -4.08977 18.0915 -2.12829 4.54658 -0.868216 -4.82129 0.810167 0.503652 -1.98709 -3.54742 -0.546086 -1.96182 -5.44208 -1.27626 1.11567 1.75942 4.30131 0.939431 -2.50381 0.251412 3.00013 2.93541 0.446953 -0.983254 3.13165 2.99356 -5.66712 4.12192 5.2564 -0.937938 0.780095 -5.74247 -0.394887 0.258892 0.970051 -2.93696 1.0096 -4.25239 0.189799 3.09172 -1.79064 -2.54226 7.61807 7.40343
0.0124565 5.54706 -2.32662 2.08175 -3.53491 1.98942 3.70123 -5.72651 -0.740834 -1.34361 -0.831174 1.73499 1.71678 2.06834 1.52386 4.26513 10.7277 3.12452 18.0915 0.100595 3.7795 2.9069 -2.11745 0.737266 -0.420843 0.106381 1.75893 1.8603 2.11356 -7.03876 -4.38874 -5.565 2.73299 -4.36543 -2.68796 2.48071 -0.3625 3.01467 0.884936 1.80143 -2.51747 0.884534 -1.48262 1.7152 1.7367 0.0226563 -5.65985 0.898322 3.25107 -0.875891 1.28241 2.32346 2.35386 0.853552 2.75478 -1.1423 0.965791 -3.72755 -1.47224 -2.12145 -1.21472 1.44591
6.56592 0.0124565 -2.15642 2.08175 -3.53491 1.18528 0.871803 -5.72651 -0.135425 -1.4742 -0.310224 3.05224 1.71678 2.06834 1.52386 4.37053 10.7277 -2.91389 18.0915 0.0224696 1.11665 -0.178101 2.07304 1.40219 -0.417947 6.63576 0.642615 1.33307 -0.39489 10.954 1.14014 -3.56808 -7.12445 7.60484 2.24949 -4.2181 -4.41808 -1.8199 -4.80383 3.2837 -2.46124 -7.57522 -0.228157 -5.2374 0.380633 -1.44169 -1.04075 -4.12093 3.85454 5.65935 -1.69744 -1.15647 -1.29637 -0.13163 -0.458203 -2.41297 2.176 -0.0979764 1.93723 1.18547 -10.4855 -1.71593
5.10372 -0.836314 -2.15642 -3.2497 -3.53491 5.17978 0.871803 -5.72651 -0.135425 -0.928947 3.05129 3.05224 2.06834 1.71678 1.52386 10.7277 4.49922 -2.91389 16.3188 0.301996 -3.63692 -2.35877 3.45087 -2.10419 -1.51134 1.40747 -2.94275 1.27442 -4.94627 -2.21259 10.7856 1.76347 2.26943 -1.81248 0.956835 -4.35134 1.09765 0.99956 2.12514 0.410054 -0.3812 -0.241381 -0.553756 -2.75595 -3.45981 -5.40933 -7.13721 10.3823 2.16678 3.60125 0.39058 1.89576 0.210899 3.4913 -9.78449 5.2406 -2.04919 -0.211655 -2.44048 1.43068 2.71247 -2.54721
5.10372 -0.836314 -0.576582 -2.15642 -7.46871 5.17978 0.871803 -5.72651 -0.135425 -0.957646 3.05129 2.06834 3.61343 1.71678 1.52386 10.7277 4.49922 -2.91389 16.3188 1.70956 0.18457 0.943758 1.2291 -2.13185 -5.41185 1.02656 0.136722 1.80463 0.201962 -2.31337 0.490761 3.8634 1.24433 -1.18549 -0.393653 8.23239 -0.702721 -3.2397 -5.86256 0.485097 -0.247157 0.0579456 1.31441 -4.97204 2.13961 0.0196436 1.04594 -0.437444 -1.06031 5.32087 -1.27025 -5.82716 0.0940964 -0.919496 0.748706 -4.63041 -0.389368 1.95692 0.669287 -1.40928 -0.243258 2.26759
5.10372 -0.836314 -0.773663 -2.15642 -6.85716 1.35081 3.45223 -5.0212 -0.135425 -0.957646 0.677128 0.363201 -0.661106 3.60076 1.52386 6.88776 2.11624 -2.91389 16.3188 -7.86503 -2.2403 4.27095 -3.22916 -1.15607 3.3458 2.15519 2.39352 -0.69723 4.12305 3.29513 1.33918 2.0561 2.14817 -1.39519 1.75107 -4.26434 5.81453 -2.40451 -2.22701 -1.92282 -2.29931 -3.7864 -1.14435 1.30621 5.2339 -2.29609 -1.39595 2.42431 1.99187 -4.78833 3.76886 2.05623 6.47622 0.830313 -2.01356 -1.56921 0.685429 0.165303 -0.497895 -3.35538 -1.41247 -9.25903
5.10372 -0.836314 -0.773663 -2.15642 -6.85716 5.06966 3.45223 -6.55979 -0.135425 -0.957646 -1.80625 3.17192 3.60076 -0.348347 1.52386 6.88776 2.11624 18.6058 3.69899 0.867793 6.28325 1.50931 2.52267 6.28378 -6.76337 -19.013 -1.02245 0.340227 -3.22747 1.56811 -3.26901 1.25211 7.85915 1.96084 0.203684 -4.45513 0.728485 1.07314 2.76747 1.25728 -4.01203 -1.69369 -5.94455 0.671087 5.86145 -3.71254 3.49102 3.58465 0.619676 -2.97916 -2.51229 1.84038 -1.78701 1.12224 -1.22992 0.646947 -3.38858 -7.55051 -1.07736 -1.67995 -0.841641 -0.147902
-0.836314 5.10372 -0.971043 -2.15642 -6.85716 5.06966 -2.53857 -0.135425 -6.55979 -0.957646 -1.37251 1.32844 3.60076 -0.348347 1.52386 6.88776 2.83007 18.5453 0.621243 2.36898 -1.41299 1.16327 3.86032 3.16041 -0.428256 -3.40013 5.68764 -1.26778 2.47822 -0.296637 -0.855914 1.38098 2.27155 2.65067 -1.91525 2.7394 0.960973 2.04642 -2.68995 0.277841 3.77533 0.729633 -3.48199 -0.527382 -0.0387632 -1.64717 2.03624 2.0902 1.02714 3.9331 -2.64764 -2.28023 -2.54995 1.66879 2.56054 -3.88302 1.11595 -1.57882 -2.72005 -6.28055 -3.91051 2.3488
-0.836314 5.10372 -0.971043 -2.15642 18.5453 -1.37962 5.06966 -1.7692 0.227352 -6.55979 -1.37251 1.32844 3.60076 -2.19685 1.52386 6.88776 2.83007 -6.85716 -1.02415 5.10333 -8.40784 0.131552 -4.45056 -1.95546 -4.13187 2.06048 0.444176 1.20936 -5.46581 -7.75207 1.17314 -3.41017 2.93401 1.68292 -1.97408 -1.92298 3.85134 4.11342 0.0756961 -3.54572 -4.99056 -1.19139 -0.0445176 -0.52826 -0.383371 -1.49658 -1.74875 0.0564079 -3.52469 4.18831 2.74909 0.794776 -3.56781 1.28907 1.16174 0.165138 4.48138 0.732774 0.727348 -2.4107 -1.72867 -1.11725
-1.09655 5.10372 -2.15642 -0.971043 18.5453 -0.0994668 5.06966 -3.02313 0.227352 -6.55979 -1.91916 -0.238002 3.60076 -1.65927 1.52386 9.51669 2.83007 -3.38798 0.454236 3.84136 5.76032 1.72338 -0.158377 -0.274746 5.24839 5.90381 -1.75607 0.979903 0.989357 -0.898968 -4.02878 -2.15251 0.933171 2.8779 2.77179 -1.88834 0.731055 -1.04534 -2.56631 -0.109348 0.295933 4.99136 -1.59561 -3.28985 -1.14701 8.00635 2.27187 0.60288 4.17144 -8.74094 2.24446 0.676144 -0.233313 -0.893198 -0.59736 2.6813 -3.86895 3.00676 4.11775 0.948047 -1.16168 2.21827
-3.7276 -2.15642 5.10372 -0.971043 20.2654 -0.0994668 1.92127 -3.02313 0.227352 -6.55979 -0.238002 -1.37024 2.3283 -1.65927 1.52386 9.51669 -3.31377 -3.38798 3.34851 -0.17455 0.87246 0.363906 2.42068 -1.71057 -1.89425 0.295798 0.21672 2.19473 -0.794614 -1.15093 1.5503 -2.39263 0.195993 0.119021 0.222229 0.679559 -4.06323 -1.88581 3.30819 -20.6294 -3.36995 -1.93486 -0.0395093 2.82322 -0.0503575 -0.350846 -1.53132 0.276002 -3.89319 2.03619 2.61634 1.10706 -0.938923 -0.824636 0.865986 -0.093507 -1.96605 -3.701 -3.42072 -5.752 2.68114 1.41551
-3.7276 -2.31426 5.10372 -1.75767 20.2654 -0.0994668 0.643277 -4.11599 -6.55979 0.227352 -0.434342 2.09234 2.3283 -1.93762 1.52386 -3.31377 9.51669 -3.38798 2.9051 0.3874 1.25457 4.0512 -1.66329 -5.78727 -1.46376 1.05945 -0.339473 2.57469 -2.4967 -4.03296 0.0550052 1.79068 -0.261017 1.75418 0.711688 0.922326 5.35341 0.408903 1.58709 -2.53829 0.867014 -3.84794 2.74103 0.678767 3.69308 2.2453 -5.81266 -2.25248 0.842083 0.697735 2.6683 0.0174669 1.34325 -2.49593 2.16002 1.64516 -2.87325 -0.63668 2.81155 0.0261238 -0.0583413 -5.30543
-6.32735 -2.31426 5.82283 -1.75767 20.2654 9.51669 2.002 -9.59422 -6.55979 0.227352 -0.434342 2.09234 -1.8096 2.3283 1.52386 0.484577 0.643277 -5.50751 1.22266 -0.13014 1.73675 -2.6386 2.69638 2.02163 -0.215863 -3.38861 -7.70367 -2.09102 -1.39037 0.697632 -0.457067 -2.99117 0.0632427 2.11947 -0.116433 -5.47936 1.07273 -3.74734 5.1021 0.208725 0.11285 2.58227 -0.144622 1.82876 -1.6592 -0.513934 4.10017 1.14143 3.06946 3.17698 -2.0353 -1.71647 -1.48102 -3.58226 -0.896225 3.05002 0.730124 0.592151 -0.433216 3.59729 2.7101 0.501832
-1.38758 -2.31426 5.82283 20.5703 -1.75767 9.81772 -0.521466 -5.11373 -6.55979 1.38644 -0.434342 2.09234 2.3283 -0.849639 1.52386 -1.60303 2.52359 -4.12423 -1.12041 -0.809238 -5.43797 -0.047437 -9.95835 0.836406 5.74871 0.470879 0.755972 -1.79022 -1.88516 -1.13866 1.3981 0.857799 -0.812896 1.00097 0.159493 1.1775 -5.47336 1.28535 1.92756 1.24227 -2.15379 8.82257 2.16149 1.2122 3.29233 -2.41134 1.43183 -1.208 -1.74125 3.24656 1.63807 -0.459119 2.10911 1.16234 2.66875 4.51399 -2.88609 1.37341 0.779802 -1.66049 3.29211 -1.01606
-1.08383 -2.31426 4.96245 20.5703 -1.75767 9.81772 -0.521466 -4.80762 -6.55979 2.19011 -0.434342 2.09234 1.22193 2.3283 1.52386 1.18623 2.52359 -6.78534 -1.05826 0.812115 2.07983 4.67766 -2.70842 -0.641147 2.55267 1.13157 -3.16906 0.372563 -2.85813 2.55164 1.33078 2.65284 -1.70857 -4.36386 1.23283 -0.586893 -0.403727 -1.14773 2.65983 4.06683 1.80328 -0.440841 -5.5911 -4.39617 0.658178 1.25347 0.527515 -1.90353 -1.89995 -5.35744 -2.97136 -2.35399 0.428891 0.77508 -1.8443 0.569805 -2.77388 0.383615 -2.88727 4.72591 -2.83616 1.9969
-1.08383 -2.31426 4.96245 21.3456 -1.75767 7.82593 -0.521466 -4.80762 -6.55979 -1.59238 -0.434342 2.09234 2.3283 -0.371752 1.52386 0.579466 -2.01895 -2.4134 -3.73016 -0.490813 0.231335 0.5259 -0.626527 -1.88991 -0.475532 0.585612 -1.13103 2.62601 -1.93708 -1.24857 2.87753 2.76345 -4.58397 2.18484 -0.508919 -5.17439 0.866155 5.18148 1.78835 -0.547306 2.35517 3.34956 0.283444 -2.59328 0.988611 6.07002 1.73943 -6.26944 -0.224074 -1.01897 0.880593 2.60743 2.93956 -0.00186062 2.04238 -1.19249 -6.21725 -0.451533 -0.668366 -1.17275 0.447814 -2.38223
-3.16775 -2.31426 4.96245 21.3456 1.24897 7.82593 -0.674651 0.240956 -6.55979 -1.59238 -2.10162 -1.75767 2.3283 -0.371752 1.52386 -0.651874 -2.01895 -9.8137 -1.73922 -1.0601 0.657716 -0.477618 -1.49022 1.62683 2.01429 2.61389 -1.39035 -1.02584 -0.768501 -3.14967 0.559785 2.46567 -1.74011 0.751326 2.11363 0.356564 0.989719 -2.24147 0.226715 -2.45569 -0.844706 -3.41697 -2.63425 -1.00594 2.74245 4.11532 -7.40738 -1.30085 7.39854 5.59726 1.35059 4.284 7.3471 5.00228 -1.19251 -0.0445499 0.0636861 -4.58777 2.57727 -6.35964 2.48929 0.240207
-3.16775 -2.31426 4.96245 18.2097 3.61261 7.82593 -2.96765 -2.8748 -6.55979 -1.59238 -2.10162 -1.75767 2.3283 -0.371752 1.52386 -6.08681 2.30286 0.22567 0.46344 -4.57499 2.22407 4.10557 -1.07692 -0.242232 -3.55202 3.25381 0.70903 1.13328 -3.75963 0.702392 1.63691 -2.30227 6.0862 2.74546 3.63165 0.665986 0.174155 4.70797 -0.0829542 2.0484 0.0736561 2.0843 -2.69995 3.31456 -0.725943 2.10722 -0.797023 1.74274 -6.00297 -2.68095 0.460117 0.584095 3.46738 -1.81095 0.161359 -4.00997 0.121282 1.33758 -6.20662 5.33545 -0.185841 0.553962
-1.60846 -2.31426 4.96245 18.1391 2.29996 4.1891 -1.1862 -4.86034 -6.55979 -1.47961 -2.10162 -0.825935 -0.371752 2.3283 1.52386 -6.08681 0.593221 -0.817074 -1.4874 -3.52845 3.54998 -0.557971 4.10237 2.59969 0.927867 2.12739 1.0304 0.139669 0.802331 -4.64243 8.58857 1.1335 -3.53826 -4.04391 0.0267965 -2.07132 -3.61733 -1.52938 -5.16723 -6.64439 -0.0361658 0.087896 0.79685 0.498566 -0.917372 2.51204 2.91883 4.65857 -1.19544 -1.2878 -2.6778 -3.03733 -0.251515 -5.26921 2.6904 1.35546 1.67807 -4.01319 -2.44627 2.00985 -1.32583 2.42763
-1.60846 -2.31426 4.96245 20.5534 2.29996 4.12166 -6.44365 -2.54488 -6.55979 -0.699256 -0.825935 -2.10162 1.63091 2.3283 1.52386 -8.39797 0.642658 6.80683 4.79482 0.178776 1.34389 -1.6893 -3.25164 -5.47179 2.15255 -1.21196 1.80815 12.9051 -1.05794 2.19641 -2.54452 -3.22457 -0.912919 -2.8232 0.996697 3.72686 4.59044 6.90016 1.63133 -1.3407 -1.16439 -2.73884 -1.77323 -6.1091 -3.24105 2.15378 3.44387 0.859464 -0.0893217 -0.163112 -0.452656 2.28455 -5.75206 -0.598061 -1.32379 -2.50116 4.17117 -0.772331 -0.212912 -0.841776 -0.0248895 -4.65262
-1.60846 -2.31426 4.96245 20.5534 2.29996 4.12166 -6.44365 -6.55979 -2.81607 -1.35323 -0.550302 1.63091 -2.10162 2.3283 1.42235 -6.28329 -3.26987 2.14792 -0.39486 2.35424 2.90419 -1.51507 1.21226 5.84047 -0.267243 -3.93757 -1.45131 -2.48328 -2.29798 4.01104 1.11707 2.93833 1.0967 -0.907353 2.94824 0.662325 -1.95664 -2.75468 -0.683465 1.05652 0.251729 0.0566689 -2.88772 1.01772 -1.79104 -0.953153 -0.528911 -3.48513 -2.20092 2.03649 2.74885 -0.894422 4.8814 1.07386 2.13096 -3.73644 -1.41515 -3.36249 5.54828 -2.08705 -3.14441 3.97737
-2.53551 -2.31426 4.96245 20.5534 2.29996 4.12166 -6.44365 -7.42369 -0.406055 -1.35323 -4.40065 3.33715 4.10725 1.23948 1.42235 -6.34022 -2.25926 -4.26961 -6.06607 -3.0852 -2.48257 -4.3232 2.70396 0.193476 -2.94301 -2.4751 -4.60495 -0.0840718 -8.45293 5.97847 1.9398 -3.72688 2.26959 0.151485 -1.13753 1.68969 1.05123 1.48265 -0.594942 -6.04622 -2.63593 0.968498 4.41016 1.31231 -4.06493 1.72099 -0.243019 -2.76462 -1.72402 -1.86752 -2.17316 -3.82567 -0.937599 1.53197 0.602944 2.24404 1.54322 -2.55279 0.499405 0.308114 -1.17612 0.921517
1.58623 -2.31426 4.96245 20.5534 2.29996 4.12166 -5.90541 -7.42369 -0.406055 -6.34022 -1.97248 3.33715 1.51482 5.57143 1.42235 -0.00274132 -0.923311 0.791545 1.89583 0.024615 3.0749 -4.85972 -1.025 -2.7805 -0.391871 -0.227215 -2.58338 -0.70311 -1.14929 -0.262849 -2.09934 -1.71148 -1.55717 -0.96459 1.75437 -2.43085 -0.425222 -2.22234 0.436238 -0.995115 -2.51389 3.14553 -0.777918 -0.127753 -3.92444 0.213723 -1.06272 -1.78573 -1.78275 -2.19434 -0.991584 -0.221916 2.49262 5.68552 4.24613 3.77754 2.73523 -2.59206 -3.24132 -2.93055 3.31678 -4.17525
1.58623 -2.31426 4.96245 20.5534 2.29996 7.93129 -2.04164 -7.19122 -6.34022 -2.15416 -0.103879 3.29329 1.51482 1.42235 5.57143 -0.204561 1.20829 -0.123185 3.83073 -0.152139 -0.722061 -0.659311 2.40373 0.528151 -0.682181 -5.78645 1.79138 1.99861 -2.15366 -2.73651 -2.79953 -2.15361 -0.94839 0.65687 -2.15661 2.607 3.81061 -6.13079 1.36252 0.506565 1.60854 3.96325 2.34878 -1.0652 2.05763 -2.13745 -3.78095 1.27451 -5.09473 3.55111 -0.906897 -3.79703 3.20571 3.06512 -0.49275 0.60139 0.587705 -1.64593 -0.22273 5.02727 8.43436 -2.63197
-3.13347 -2.31426 2.85137 20.5534 2.29996 7.66221 -5.60464 -3.20236 -6.8576 -2.33644 -0.103879 -0.900609 4.96245 1.44973 -0.835137 -0.204561 -1.20147 -2.7129 0.395236 1.99303 3.70507 -0.340463 0.00182944 0.947416 3.63551 -4.95527 -0.0119277 -0.494283 3.57491 2.03011 1.59447 -2.24523 0.233227 -1.17999 3.60841 -1.95617 -0.40464 0.351516 -5.12175 4.4083 -3.09002 3.6478 4.48297 2.4573 1.09047 -0.000161646 -3.27041 -0.484505 1.96826 3.55366 3.00873 2.48815 -0.0544653 -1.137 2.65157 2.52514 -3.72153 2.665 -0.136113 -3.02076 -4.09688 0.579377
-3.13347 -2.31426 2.85137 19.3815 2.29996 7.66221 -6.26083 0.00991841 -5.58908 1.3459 -2.15118 -0.103879 4.96245 1.44973 -0.835137 0.650166 -3.29579 0.951535 0.0413391 -0.805434 1.31781 3.9249 -1.2508 0.169884 -6.72132 -0.752169 -2.05736 0.57803 1.38225 1.68189 -0.364648 0.464538 2.10112 1.84507 -1.58103 -1.50216 1.95508 -5.22066 0.618194 -0.993645 5.26966 0.604626 0.74014 -5.81849 -5.39028 0.199256 -3.94876 -0.141036 -0.227834 -5.41712 -1.0606 2.33064 3.86328 0.798465 -4.63726 2.85776 -0.657246 -3.18868 -1.29749 -0.258866 2.86176 1.65655
-2.31426 -3.13347 2.85137 19.3815 2.29996 7.66221 -6.26083 2.53057 -7.11052 1.3459 -2.15118 -0.680911 4.96245 1.44973 0.449833 -0.732086 -5.17713 0.116884 -0.743158 1.73809 -8.86635 4.69917 -2.4634 -0.485112 2.52079 -1.3585 0.784623 1.476 -1.00654 0.749032 0.0523792 2.26951 -1.09028 -1.41221 4.38781 1.159 0.914905 -1.02852 -1.20601 -3.20847 -2.58329 -2.92065 4.40599 0.0937156 -1.47539 -4.84099 0.635153 -0.270809 -0.387002 5.00275 -0.438235 -2.83671 2.86465 -2.51699 -3.93575 3.43599 -1.6769 1.50164 -2.44979 -0.195296 3.88632 -3.32428
-2.31426 1.74228 2.85137 17.6106 2.73829 8.11329 -6.26083 2.53057 1.3459 -1.44355 -2.15118 -0.680911 4.96245 1.44973 -2.1344 -0.732086 -0.327476 -0.114411 -3.43089 -2.56034 -2.59652 -2.98313 -0.19212 2.33316 -1.6389 0.930628 -2.67495 -4.24444 0.198533 6.57037 -0.0433929 -1.86047 -6.17663 2.65944 -1.40802 5.37913 -4.12865 4.24487 2.71568 -0.70049 -1.36505 -0.147234 -3.35353 -1.53144 5.74792 -2.32657 -2.23889 -1.5887 1.17517 2.09486 1.55972 -1.79418 2.49344 0.486062 0.349693 -0.224965 0.564719 -1.1675 -6.42161 1.05808 0.418289 -1.31121
-2.31426 4.47629 2.85137 17.6106 2.73829 6.26474 -6.26083 -1.34904 -6.13009 -1.71004 -6.66392 -0.680911 1.44973 5.49186 0.464113 0.903381 -15.5861 2.71748 2.29791 0.72517 1.16322 -3.33441 1.08246 -1.22396 -3.83028 -1.33382 1.43009 1.49234 -3.74233 -4.25809 -3.20149 -0.41143 3.46851 0.564642 2.32636 -2.03777 -1.01504 1.56803 3.97767 -0.889404 3.30102 4.89097 0.974597 0.417754 -0.911587 1.48342 -0.0451117 -8.42781 0.508666 0.326051 -2.01356 -4.0938 0.541695 0.348461 2.30841 -3.48932 8.70017 0.383761 -0.291221 -0.89826 0.314325 0.770889
-2.31426 4.47629 2.85137 17.6106 2.73829 6.26474 -6.26083 0.167952 -3.58102 2.05046 -7.1384 -4.30687 1.44973 5.49186 0.0728869 -2.05883 0.362244 -0.976731 -0.254221 -1.12103 1.21983 0.375688 -1.49697 -4.15771 0.526128 4.96894 2.86338 -2.34668 -10.9446 0.322238 -5.61497 4.6924 -3.3826 0.0595511 -2.17544 0.412875 -2.80382 0.391919 1.99746 2.74684 -0.449506 -4.87459 -1.56062 -1.20184 -2.30318 1.71709 0.609638 -0.256102 -1.93213 2.44163 0.993157 0.112654 1.70201 2.94517 0.227461 2.30652 -2.72594 2.67194 -4.24578 -3.4006 1.16151 1.84904
