4.9087 1.29467 -4.49721 -0.672493 3.75581 0.347467 -3.21365 -0.107758 -2.2668 0.280778 0.0614211 6.22874 -0.669708 -0.434361 -1.4716 -0.407895 -3.81191 -0.393229 -1.70839 2.61084 -5.22682 -2.08828 -0.748133 -2.3886 -1.78867 0.130949 0.441904 0.517949 0.250687 -2.78919 -1.15066 1.32399 -0.570649 -1.59769 2.85083 1.86013 0.955962 0.185493 -2.91798 -0.814454 -1.94451 -6.76217 -0.953686 0.168668 3.4205 3.37991 -1.75102 -1.09744 -6.38207 -1.7476 -1.20592 -2.16733 5.82915 3.7787 -0.647203 3.52436 -1.67406 -0.829135 -2.51675 -0.99237 -1.88503 -0.26482 -1.69493 -3.22717 -2.82375 -0.152167 0.0181766
5.73255 1.29467 -1.97698 -0.672493 1.76707 0.347467 -3.21365 1.45278 -0.0942914 -2.2668 9.73139 0.0614211 -0.669708 3.93451 -1.4716 -0.407895 -3.65044 -0.393229 -1.70839 2.61084 -8.73386 3.42583 -0.677006 3.05981 -3.88777 0.695877 2.49728 -1.42245 -5.90011 -1.61393 0.379998 0.675344 -1.98743 2.91652 -1.89933 3.34952 -1.69038 2.3751 -0.758478 3.37068 -3.64257 2.71859 -2.76091 -0.721029 -2.75545 -1.58382 0.800947 -0.70461 -1.77686 1.09452 0.620825 -2.27524 1.3233 0.642078 -1.34295 0.985118 -2.84071 4.16286 5.06714 -1.79333 -4.99273 3.70462 -6.33101 2.21822 -0.538525 -0.109024 1.42592
5.73255 -0.407895 -0.672493 1.76707 -0.00108959 -0.278001 -3.21365 -2.22971 0.548739 -2.2668 7.08085 0.0614211 -0.669708 5.98103 -0.700651 1.29467 -1.38887 -1.4786 1.35935 -0.0117682 -12.6446 -2.27545 5.18159 1.3113 -2.01003 3.66602 -0.687531 -1.1062 -1.84258 -2.56008 1.41953 2.96567 11.222 6.1498 -2.83067 -0.549886 -5.47815 2.18156 -1.12328 -7.30654 1.7949 4.60555 0.910661 1.78355 2.01384 1.94099 0.644907 2.561 -1.28372 -1.05882 1.5418 0.544576 1.18788 4.1135 -2.17104 -6.07398 2.76866 -0.567534 0.429332 9.78424 0.602165 -0.958188 2.6095 -0.171683 -1.781 -0.889621 -1.33295
0.0954067 0.328164 0.496678 1.76707 -0.00108959 -0.278001 -6.81996 -2.33881 -3.28694 -0.834001 0.0614211 7.26413 -0.604084 3.60453 -1.8531 1.29467 -1.35513 -0.702649 4.03177 -1.46444 -2.11156 -0.0939574 -2.37542 3.75346 -4.2579 -0.432281 -3.62738 5.91307 -3.8427 1.49384 -2.02238 -1.12367 1.25542 0.0528646 -0.613668 -1.09034 0.604462 1.88803 3.62346 -2.60575 -1.57964 0.422033 -3.8034 -1.44465 -6.08949 0.468847 5.43469 -0.0923593 -1.531 0.320175 -1.54866 -0.190555 -2.7221 1.16652 -2.01258 -0.764287 -0.627666 2.1141 1.18607 1.88429 2.5659 3.2392 -3.19353 5.95877 1.74049 -0.968927 -0.324121
0.0954067 0.328164 -1.6705 -4.33834 -0.00108959 -0.278001 -6.87073 3.4117 -3.76456 -0.834001 0.0614211 -0.604084 7.82304 3.60453 -2.13531 1.29467 -2.63612 2.72976 3.155 -0.523404 2.34054 -4.9576 -0.321604 -7.25784 -0.877132 1.96122 1.94175 2.30432 -4.42532 -2.96836 -1.20157 0.228505 0.0431684 1.6247 1.33361 2.3959 3.59618 4.31143 -2.24903 -1.93099 4.62615 2.07487 0.569661 -1.21551 -3.23069 1.11055 -9.45018 -1.74452 -8.18699 -0.89279 0.000535099 -1.41517 7.44197 2.66913 3.79426 -2.96446 -0.094581 0.442322 3.15418 0.581637 2.59306 0.625574 -0.823928 -1.02857 -0.589427 -0.0923638 -1.25568
0.0954067 0.128735 -1.6705 -4.33834 -1.34797 -7.28573 0.865651 -3.12332 -0.834001 -1.09684 0.0614211 -0.604084 4.19751 3.60453 -2.13531 1.54015 -4.86595 1.99348 2.88525 -7.69677 -1.46549 -3.8539 -4.033 -2.23077 1.90898 6.38816 1.94132 -1.01398 -0.851121 -1.0745 -1.45018 -7.66577 1.43614 4.65968 1.18612 2.13097 3.11135 -3.33753 -0.654802 4.53185 -0.662273 0.738569 -4.58877 0.219398 2.52873 -1.27811 0.887606 0.855255 0.216784 0.138415 -1.06314 2.63884 -1.16053 1.52401 -2.45424 -3.44408 0.939374 1.60799 -0.761951 1.1479 0.542348 -3.73281 -2.65908 0.888727 1.72136 1.64349 -2.44019
0.128735 0.0954067 -2.73141 -5.9621 -1.34797 -6.35792 -3.83575 -3.73565 -0.834001 -2.44142 0.451029 -0.604084 7.79688 0.503776 -1.44248 1.54015 4.78829 -0.851577 0.184066 -2.50477 1.25534 2.00301 0.626188 -0.158868 -0.690781 1.42128 2.48215 -8.5532 5.56822 0.967786 4.93939 1.70553 -4.13186 -1.66725 -0.0282373 1.23282 -0.673184 1.59798 -3.24665 1.49324 9.81638 -2.32595 1.07271 1.34958 -0.863589 -13.9055 -1.65652 7.6976 -2.45586 -5.31964 0.829012 -2.12269 -0.421528 -3.67204 1.45045 -3.59823 -1.2766 0.00228484 0.19049 1.54746 -3.8142 0.77262 1.19325 -5.51879 -5.95989 1.32534 -11.1871
-0.604084 0.0954067 2.27567 3.17954 2.3027 -6.35792 -6.03407 -3.83575 1.57926 -1.15159 0.451029 0.0510505 7.79688 0.503776 -1.57064 1.54015 -1.34093 -3.6094 2.63316 0.290549 0.48597 -4.85361 -3.69218 0.551353 -1.24133 -3.78921 2.76921 -1.15062 -2.78091 3.18535 -0.446133 2.87903 -0.607715 1.4062 6.1628 4.68707 -2.83652 -3.49137 -4.12557 3.92225 -5.0071 4.20718 -0.283878 0.789719 4.20265 4.08433 -0.831268 -2.96499 2.72772 -4.14734 3.5765 -6.22381 0.093283 -0.430034 -0.536908 -1.82466 0.713949 -4.00699 1.11981 0.513383 1.5621 -1.84044 -5.80231 -10.058 -1.75133 1.18468 1.7911
-0.604084 2.23312 -0.887692 -1.43171 -0.468155 2.04384 -6.03407 -7.90193 1.57926 -0.433944 0.677133 0.0510505 2.65935 7.79688 2.25205 1.54015 1.90761 0.743538 1.77479 -1.48813 -5.24539 0.0828374 -2.20977 1.52388 -0.703058 0.188467 -2.94556 -3.75036 -1.35348 -2.6476 -4.28699 -2.07347 0.0137091 2.34307 -6.62302 -3.91493 0.948293 -0.0922555 -3.83763 3.99695 3.82821 2.38415 1.26489 3.84687 1.13884 2.74693 -2.28489 -4.35205 5.92419 0.859695 1.14412 0.126227 0.0100787 1.59522 -3.47096 -0.756824 -5.05042 0.379797 -1.40727 4.00215 -4.55734 2.22203 -0.652585 2.51845 -0.401782 -7.6757 -2.60038
-0.604084 1.62014 -0.887692 -1.43171 -0.468155 2.04384 -5.35756 -4.00826 1.57926 0.677133 0.789324 0.0510505 1.19283 7.79688 -0.176275 2.99218 4.98812 1.29275 11.0273 2.71853 0.00759173 0.912045 1.36658 -0.817682 1.60996 1.81608 -0.0266868 -0.714808 -6.42437 7.53018 0.413415 3.21539 0.930757 -6.48844 -2.11565 1.78689 1.80103 -0.887287 -0.821758 0.293863 -0.995554 -2.08321 -2.87709 1.0584 1.89113 -3.24804 6.58581 0.534566 2.14476 1.36241 0.0978751 -2.53828 -3.19772 -0.425161 1.03 2.48624 -1.42467 0.108157 2.78949 6.12689 1.72239 -1.67933 -2.08217 3.00355 0.337104 -0.597701 0.765413
