0.648348 0.418995 0.23935 -0.286569 -0.509929 0.0208669 -0.371417 -0.232153 -0.590218 -0.109712
0.648348 -0.00807326 0.23935 -0.286569 -0.509929 0.0208669 -0.371417 -0.711959 -0.590218 -0.109712
0.648348 0.238984 0.33172 -0.286569 -0.427834 0.0208669 -0.371417 -0.711959 -0.590218 -0.109712
0.648348 0.238984 0.33172 -0.286569 -0.427834 -0.439888 -0.371417 -0.711959 -0.590218 -0.109712
0.648348 0.238984 0.33172 -0.286569 -0.427834 -0.439888 -0.371417 -0.711959 -0.590218 -0.109712
0.648348 0.238984 0.33172 -0.286569 -0.427834 -0.439888 -0.371417 -0.711959 0.188501 -0.109712
0.648348 0.238984 0.33172 -0.286569 -0.427834 -0.358908 -0.371417 -0.711959 0.188501 -0.109712
0.648348 0.238984 0.33172 -0.286569 -0.427834 -0.358908 -0.371417 -0.711959 0.188501 -0.109712
0.525906 0.238984 0.33172 -0.118137 -0.521636 -0.502103 -0.371417 -0.711959 -0.0639141 -0.109712
0.525906 0.238984 0.33172 -0.118137 -0.521636 -0.502103 -0.371417 -0.711959 -0.0639141 -0.109712
