3 9 3 3 9 3 3 3 3 3 3 9 3 10 3 9 3 3 3 3 3 3 3 3 9 3 3 3 3 3 3 3 3 3 3 3 9 3 3 3 3 3 3 9 9 3 3 3 3 3 3 3 9 9 3 9 3 3 9 3 3 9 3 9 3 3 3 3 3 9 3 3 3 3 3 3 3 9 3 3 3 3 3 3 3 3 3 3 9 3 3 3 9 9 3 9 3 9 3 9 3 3 9 3 9 3 3 3 3 3 3 3 3 10 3 3 3 3 3 3 3 3 3 3 9 3 3 3 3 3 3 3 3 3 3 3 9 3 3 3 3 3 3 9 9 3 3 3 3 3 3 3 9 9 3 9 3 9 9 3 9 9 3 3 3 3 3 3 3 9 3 3 3 3 3 3 3 9 3 3 9 3 3 3 3 3 3 3 9 3 3 3 3 3 3 9 3 3 3 9
3 9 3 3 9 3 3 3 3 3 3 9 3 10 3 3 3 3 3 3 3 3 3 3 3 3 3 3 3 3 3 3 3 3 3 3 3 3 3 3 3 3 3 3 9 3 3 3 3 3 3 3 9 3 3 3 3 9 9 3 3 3 3 3 3 3 3 3 3 9 9 3 3 3 3 3 3 9 3 3 9 3 3 3 3 3 3 3 9 3 3 3 3 9 3 9 3 9 3 3 3 3 3 3 9 3 3 3 3 3 3 9 3 3 3 9 3 3 3 9 3 3 3 3 3 3 3 3 3 3 3 3 3 3 3 3 9 3 3 3 3 3 3 9 9 9 3 3 3 3 3 3 3 9 3 9 3 9 3 3 9 3 3 9 3 3 3 3 3 3 3 3 3 3 3 3 3 9 3 3 9 3 3 3 3 3 3 3 3 3 3 3 3 9 3 9 3 9 3 3
4 4 4 4 9 4 4 4 9 4 4 4 4 10 4 4 4 4 4 4 4 4 4 4 4 4 4 4 4 4 4 4 4 4 4 4 9 4 4 4 4 4 4 9 9 4 4 4 4 4 4 4 4 9 4 9 4 4 4 4 4 4 4 4 4 4 4 4 4 4 9 4 4 4 4 4 4 9 4 4 9 4 4 9 4 4 4 4 9 4 4 4 4 4 4 4 4 4 4 4 4 4 4 4 4 4 4 4 4 4 4 4 4 10 4 9 4 4 4 4 4 4 4 4 4 4 4 4 4 4 4 4 4 4 4 4 4 4 4 4 4 4 4 4 9 9 4 4 4 4 4 4 4 9 4 9 4 4 9 4 9 4 9 4 4 4 4 4 4 4 4 4 4 4 4 9 4 9 4 4 9 4 4 4 9 4 4 4 9 9 4 4 4 9 4 4 4 4 4 4
4 4 4 4 9 4 4 4 4 4 4 4 4 10 4 4 4 4 4 4 4 4 4 4 4 4 4 4 4 4 4 4 4 4 4 4 9 4 4 4 4 4 4 9 9 4 4 4 4 4 4 9 9 9 4 4 4 4 4 4 4 4 4 4 4 4 4 4 4 4 4 4 4 4 4 4 4 9 4 4 4 4 4 9 4 4 4 4 9 4 4 4 4 4 4 4 4 9 4 4 4 4 4 4 9 4 4 4 4 4 4 4 4 10 4 9 4 4 4 9 4 4 4 4 9 4 4 4 4 4 4 4 4 4 4 4 9 4 4 4 4 4 4 9 4 4 4 4 4 4 4 9 4 4 4 4 4 4 4 4 4 9 4 4 4 4 4 4 4 4 4 4 4 4 4 4 4 9 4 4 9 4 4 9 9 4 4 4 4 4 4 4 4 4 4 4 4 4 4 4
4 4 4 4 9 4 4 4 4 4 4 4 4 10 4 9 4 4 4 9 4 4 4 4 4 4 4 4 4 4 4 9 4 4 4 4 9 4 4 4 4 4 4 9 9 9 4 4 4 4 4 9 4 9 4 9 4 9 4 4 4 4 4 9 4 4 4 4 4 4 9 4 4 4 4 4 4 4 4 4 9 4 4 9 4 9 4 4 9 4 4 4 9 4 4 4 4 9 4 4 4 4 4 4 9 4 4 4 4 4 4 4 4 4 4 9 4 4 4 4 4 4 4 4 4 4 4 4 4 4 4 9 4 4 4 4 9 4 9 4 4 4 4 4 9 9 4 4 9 4 4 4 9 9 4 4 4 4 9 4 4 4 4 4 4 4 4 4 4 4 4 4 4 4 4 9 4 4 4 4 4 9 4 9 9 4 10 4 9 4 4 4 9 4 4 9 4 4 4 4
4 4 4 4 4 4 4 4 4 4 4 4 4 4 4 9 9 4 4 9 4 4 4 4 4 4 4 4 4 4 4 4 4 4 4 4 4 4 4 4 4 4 4 9 9 9 4 4 4 4 4 9 4 9 4 9 4 9 9 4 4 4 4 4 4 4 4 4 4 4 4 4 4 4 4 4 4 4 4 4 9 4 4 9 4 9 4 4 9 4 4 4 4 4 4 9 4 4 4 4 4 4 4 4 9 4 4 4 4 4 4 4 4 4 4 4 4 4 4 4 4 4 4 4 4 4 4 4 4 4 4 9 9 4 4 9 4 4 4 9 9 4 4 9 9 9 4 4 4 4 4 9 4 9 4 4 4 9 9 4 4 4 4 9 4 4 4 4 4 4 4 4 4 4 4 9 4 4 4 4 9 4 4 4 9 4 4 4 4 4 4 4 9 4 4 4 4 4 4 4
4 4 8 4 4 4 4 4 4 4 4 4 4 4 4 8 4 4 4 8 4 4 4 4 4 4 4 4 4 4 4 4 4 4 4 4 8 4 4 8 4 4 4 8 8 8 4 4 4 4 4 8 4 4 4 8 4 8 4 4 4 4 4 4 4 4 4 4 4 4 8 4 4 4 4 4 4 4 4 4 8 4 4 8 4 8 4 4 4 4 4 4 4 4 4 8 4 4 4 4 4 4 4 4 8 4 4 4 4 4 4 4 4 4 4 8 4 4 4 4 4 4 4 4 4 4 4 4 4 4 4 4 4 4 8 4 4 4 8 4 4 4 4 8 4 8 4 4 4 4 4 8 4 4 4 8 4 4 4 4 4 4 8 4 4 4 4 4 4 4 4 4 4 4 4 4 4 4 4 4 4 4 4 8 4 4 4 4 4 4 4 4 4 4 4 8 4 4 4 4
4 4 4 4 4 4 4 4 4 4 4 8 4 4 4 8 4 4 4 8 8 4 4 4 4 4 4 4 4 4 4 4 4 4 4 4 8 4 4 8 4 4 4 8 8 8 4 4 4 4 4 4 4 4 8 8 4 8 4 4 4 4 8 8 4 4 4 4 4 4 8 4 4 4 4 4 4 4 4 4 8 4 4 8 4 8 4 4 4 4 4 4 8 4 4 8 4 4 4 4 4 4 8 4 4 4 4 4 4 4 4 4 4 4 4 8 4 4 4 4 8 4 4 4 4 4 4 4 4 4 4 8 8 4 4 4 4 4 8 8 4 4 4 4 4 8 4 4 4 4 4 4 4 4 8 8 4 4 8 4 4 4 4 8 4 4 4 4 4 4 8 4 4 4 4 4 8 4 4 4 4 4 4 8 4 4 4 4 4 4 4 4 4 4 4 8 4 4 4 4
4 4 8 4 4 4 4 4 4 4 4 4 4 4 4 8 4 4 4 4 4 4 4 4 4 4 4 4 4 4 4 4 8 4 4 4 8 4 4 4 4 4 4 4 8 4 4 4 4 4 4 4 4 4 4 8 4 4 4 4 4 4 4 8 4 4 4 4 4 4 4 4 4 4 4 4 4 4 4 4 8 4 8 4 4 8 4 4 8 4 4 4 8 4 4 8 4 8 4 4 4 4 4 4 4 4 8 4 4 4 4 4 4 4 4 8 4 4 4 4 8 4 4 4 4 4 4 4 4 4 4 8 4 4 4 4 4 4 8 4 8 4 4 4 8 8 4 4 4 4 4 8 4 4 4 8 4 8 8 4 4 4 4 8 4 4 4 4 4 4 4 4 4 4 4 4 4 4 4 4 4 4 8 8 4 8 4 4 4 4 4 4 4 4 4 8 4 8 8 4
3 3 3 3 8 3 3 3 3 3 3 3 3 3 3 8 3 3 3 3 3 3 3 3 3 3 3 3 3 3 3 3 3 3 3 3 3 3 3 3 3 3 3 3 8 3 3 3 3 3 3 3 3 8 3 8 3 8 3 3 3 3 3 8 3 3 3 3 3 8 8 3 3 3 3 3 3 3 3 3 8 3 3 3 3 3 8 3 3 3 3 3 3 3 3 8 3 8 3 3 3 3 3 3 8 3 3 3 3 3 3 3 3 3 3 3 3 3 3 3 3 3 3 3 3 3 3 3 3 3 3 3 8 3 3 8 8 3 3 3 3 3 3 3 3 3 3 3 3 3 3 3 3 8 3 3 3 3 8 3 3 3 3 8 3 3 8 3 3 3 8 3 3 3 3 8 3 3 3 3 8 3 3 3 3 3 3 3 3 3 3 3 8 3 3 8 8 8 3 3
