-0.416606 6.85088 -0.0070909 -2.10082 3.37089 -0.288455 -6.82613 -1.11188 -2.53152 1.09667 -0.12784 1.13871 1.20585 2.74626 -1.03649 -1.19695 -3.87025 0.930679 0.773695 5.66846 3.02252 -1.51932 1.81784 -1.58208 5.85943 1.38491 -1.01812 1.99015 -6.73285 -4.7446 -5.24068 1.00573 -0.0784729 -0.568493 -1.5818 -3.99299 -0.347747 3.15518 0.28813 1.06718 -0.962591 -2.8492 -5.29768 1.61681 -0.479582 -2.82038 -1.73819 -3.56885 -3.77692 3.10736 -2.43913 5.69468 1.84768 2.41348 0.434795 -1.04855 0.228043 5.30303 -0.665909 1.53232 -4.91538 -6.88062 -3.00575 -0.906951 -0.282742
-2.75744 6.85088 -0.0070909 -1.94913 2.87392 -0.288455 -3.61112 -2.53152 -1.11188 1.09667 -0.12784 1.13871 1.20585 2.74626 -1.03649 -1.19695 -2.18982 1.00386 -7.07706 -1.71771 -2.06076 2.75699 -0.779024 4.79339 -0.773316 -6.74795 -0.62439 2.17307 2.90839 0.0218052 -4.90277 -2.90454 1.27205 3.5223 -0.77527 -0.302037 2.9409 1.45649 0.571693 3.82013 3.75062 -2.09255 -3.02808 5.2254 -3.80317 -1.56149 -3.02101 -1.18593 1.64621 -1.47333 3.30057 4.95751 -1.56387 2.50823 0.68791 -3.80776 0.591634 -2.51332 -2.65871 0.854307 -0.564798 -5.00634 3.01148 -0.313851 0.363978
-2.75744 8.07057 2.33712 -1.94913 -0.288455 -0.35627 1.66366 -2.19922 0.150996 -0.12784 1.09667 0.443805 1.20585 2.74626 -1.03649 -0.735617 0.859343 1.00386 -7.07706 0.868512 -1.50929 2.75699 -0.779024 -0.19703 2.3701 -1.83688 1.08989 5.48166 -0.414604 0.370723 2.30467 -0.893815 6.98443 1.78941 0.00691595 2.02294 -0.695673 -0.431919 3.03791 -4.54228 2.86755 -4.15497 -2.91638 -0.858217 -1.0813 -2.22219 0.896275 -2.87521 0.973962 2.49002 -4.00199 1.87792 -0.0173881 2.27662 -1.57895 -0.69619 -4.38022 0.134827 1.40367 0.371971 0.240833 -4.57915 4.13244 -1.58174 -1.44154
0.593048 8.07057 -1.2706 -1.8722 -0.288455 -3.02104 -1.32136 -2.19922 -0.12784 -2.67063 0.248722 0.0291752 -2.01009 2.74626 -0.735617 6.39372 3.36938 2.81512 -1.91981 -1.90524 -3.83227 -2.1734 -1.71874 2.44923 0.0706423 8.66799 2.55004 -3.34122 -6.48512 -3.28096 1.69208 3.49956 -0.9913 0.0983732 7.97629 -1.74312 -1.71868 -0.998538 -0.245804 3.84903 -1.04615 1.55404 -0.384923 2.79455 0.573169 1.67468 -6.19553 -3.3016 -2.50774 7.37036 -3.84442 -0.237407 -1.48337 -0.325758 -4.11562 2.39971 -3.33578 1.2891 0.728863 -1.23278 -5.90936 0.556783 0.217627 -7.07158 -1.89677
0.593048 7.841 -1.6266 5.91105 -0.288455 -0.770605 -3.02104 -1.89854 -0.12784 -4.89196 0.248722 0.0291752 -2.01009 -0.735617 2.84573 0.857491 2.21712 -0.543799 0.391065 0.88284 -2.64134 -4.73321 -1.93429 -0.532102 1.95004 -3.35081 1.1381 -1.22102 -4.7004 -1.425 5.13174 -6.63231 3.36446 -3.66671 -4.82936 -2.61688 0.0796433 -0.0557867 -3.84082 3.92387 -0.530254 1.50714 5.39739 3.12973 -0.227564 2.3772 4.31319 0.255861 0.609325 0.832424 1.81577 -6.57154 -1.14334 -1.60353 -0.0641966 -1.91709 -1.91383 -3.22646 -1.18881 1.89917 0.219136 11.56 -0.0309421 -1.086 2.50572
0.925748 7.841 -1.6266 5.70038 -0.288455 -0.770605 0.583664 -3.77327 -0.12784 -4.89196 0.637365 2.07818 -0.735617 -1.34169 -0.104895 2.4061 0.950835 -2.72889 3.38587 3.58027 -2.80525 0.573585 0.432977 -3.05049 -2.15603 0.0815304 -0.563611 2.92032 -1.43172 0.99763 3.0351 -2.99569 -8.30432 1.80611 3.97001 -0.167695 0.223023 -4.12485 -0.93185 1.27902 1.40113 -1.43443 -3.35292 -1.30245 4.91015 2.7468 -0.807186 5.71343 3.20652 2.03886 0.752903 -0.727485 -4.72521 -3.23763 2.91263 -2.06883 7.56046 -3.05543 -3.46461 -2.51644 0.497547 -3.27887 -2.24363 6.7995 -6.10274
0.756852 7.841 -1.6266 1.61307 -0.288455 -0.559411 -2.67106 -3.77327 -0.12784 3.09988 2.07818 0.637365 -0.735617 0.196334 0.0260212 -1.26012 1.36325 -3.69889 -0.116144 -1.43609 -2.79069 -0.0278965 -0.505832 -0.609031 0.600059 3.08682 -1.00305 -2.07129 2.47667 -1.94373 0.216561 -0.385915 6.67563 2.94856 3.01025 -0.340242 5.46125 -0.791664 2.10132 0.543955 5.06512 1.69744 -0.961039 -0.036811 4.42484 -0.658885 1.36002 -2.62357 -0.0196649 -4.47905 2.13726 1.76245 -1.43062 1.24774 -2.48715 1.63654 -1.72726 -2.06396 -1.75958 -1.47115 1.01754 -0.488658 -1.50624 5.58869 -6.22615
0.756852 1.26755 4.61789 -2.86513 -0.735617 -0.559411 -2.67106 -2.01627 -0.12784 3.09988 0.637365 -0.79274 -0.291493 -5.0043 -6.03815 1.57497 1.66153 4.76239 -4.43996 -10.9224 -0.140327 -3.42773 2.38174 -1.75545 -1.55412 0.994434 -1.19622 0.708255 2.98976 -3.0738 6.04029 -1.08734 -1.05144 -1.8706 0.945936 4.52085 -2.30048 -2.29963 -4.15806 -2.03639 -2.20511 -2.3325 6.65113 4.68248 3.95054 1.84704 2.04532 2.73235 -1.84844 -1.81139 -1.93758 2.31772 5.59801 1.28058 -1.6647 2.92592 -1.21926 5.43625 3.23116 0.654754 -6.25099 -0.256168 0.360643 -0.252329 1.59757
-0.00584919 1.26755 4.61789 -0.336245 -0.735617 -0.00860801 -2.67106 -0.12784 -3.29903 3.10045 -0.79274 0.637365 -0.411093 3.58821 1.4767 1.58846 3.78466 -1.63874 2.25211 3.49115 2.57526 -8.60169 -6.79775 -3.61382 -5.39322 4.92949 -0.885953 -0.897917 1.08085 2.18295 3.8568 -3.33729 0.0347107 3.55698 -2.48053 -2.14305 -0.10229 1.4507 0.791532 -1.32149 2.00639 -4.21341 -1.26553 0.594013 1.46005 0.882723 -1.95853 -2.00814 0.0590465 -0.0364252 -2.58066 -0.414626 -3.3963 -5.17222 1.04007 -2.23087 -3.62488 0.954856 -0.929314 0.580016 2.18997 0.492581 4.93187 0.611937 1.0031
3.63681 1.20761 4.61789 1.23758 -0.735617 -2.67106 2.02214 -0.12784 -0.546041 -0.79274 3.10045 0.637365 -0.411093 0.909362 -5.54502 -1.23377 2.07144 -4.64074 -0.985091 3.85494 0.767927 2.64667 -1.02315 3.86372 -0.424863 2.92614 0.374208 0.41489 -2.21952 -1.98634 3.49154 -4.9124 -2.17122 5.26109 -3.78555 -0.920558 -2.88612 0.663044 -2.87996 2.02018 1.03467 4.87799 2.11028 -0.618681 5.34932 1.49321 1.05729 3.27472 -1.28085 1.08509 -1.80129 7.0687 0.259403 4.77608 1.47983 1.36042 -4.68194 1.39717 -4.34593 -5.71542 -2.72254 0.525901 -0.689555 -3.82362 -1.80366
