15 15 5 15 10 10 10 10 10 10 15 15 10 9 5 10 5 10 15 15 10 15 10 10 5 11 10 15 5 15 10 10 11 5 9 10 5 10 10 5 10 10 5 10 10 10 15 10 9 15 10 5 10 10 10 10 11 10 10 10 10 5 10 10 15 10 10 5 15 10 10 10 5 15 10 10 10 10 10 5 10 10 10 5 10 11 11 15 10 15 10 15 10 10 10 10 15 10 10 10 15 10 10 15 10 15 10 10 15 10 15 10 5 9 10 10 5 10 15 10 10 15 11 10 5 10 5 10 5 10 10 10 15 10 10 10 5 10 10 10 11 5 5 10 10 10 15 10 9 15 10 5 10 10 10 10 11 10 10 10 10 5 10 10 15 15 10 5 15 10 10 10 10 15 5 5 10 10 15 5 10 10 9 5 10 10 11 5 5 15 10 10 10 10 10 10 10 10 10 10
10 15 10 15 10 10 10 10 10 10 15 10 5 9 10 10 10 10 15 5 10 15 10 10 10 10 10 10 11 15 10 10 10 5 9 10 5 10 10 15 11 10 10 10 10 10 15 10 9 10 15 5 10 10 10 10 11 10 10 10 22 5 15 10 15 5 10 5 15 10 10 15 5 15 10 10 10 10 10 5 10 10 10 5 10 10 5 10 10 15 10 10 10 15 10 10 10 10 5 5 15 15 10 15 10 10 15 10 10 10 15 10 11 9 15 10 10 15 15 5 10 15 10 10 5 10 10 10 15 15 10 10 10 5 10 10 5 10 10 10 5 10 10 10 10 10 15 10 9 5 10 5 5 10 10 10 11 10 10 10 15 5 10 10 15 10 10 5 15 10 10 10 5 15 11 11 10 10 15 5 10 10 10 5 10 11 11 15 10 15 10 10 10 15 10 10 10 11 10 10
4 15 9 15 9 9 9 9 15 4 15 9 9 10 4 9 9 9 15 9 10 15 9 9 9 9 9 9 4 9 9 9 9 9 10 9 9 9 4 9 4 9 9 9 9 9 15 9 11 9 9 4 4 9 9 9 11 4 9 4 9 4 9 9 4 9 9 11 15 9 9 9 9 15 4 9 9 9 15 4 9 9 9 11 9 9 15 9 9 15 9 4 9 15 9 9 9 9 4 9 9 15 9 4 9 9 9 9 15 4 15 9 9 10 4 4 9 9 15 4 9 15 4 9 4 9 9 4 15 9 9 9 9 9 9 9 15 9 4 9 4 9 4 9 9 9 15 15 11 4 9 4 9 9 9 9 4 9 9 9 15 4 15 9 4 4 9 4 15 9 9 9 9 15 4 9 9 9 15 4 9 15 9 4 9 4 4 9 9 15 9 9 9 9 9 9 9 9 4 9
8 14 8 14 8 8 8 8 14 14 14 8 8 10 4 4 8 14 4 14 8 14 8 8 4 8 8 8 11 14 4 8 8 4 10 8 4 8 8 14 4 8 8 8 8 8 14 8 11 14 4 4 4 8 8 8 8 8 8 4 8 4 8 8 14 4 8 4 14 8 8 14 14 14 8 4 10 8 8 4 8 8 8 11 4 4 14 8 8 8 14 4 8 8 8 8 8 8 8 8 4 14 8 4 8 8 8 8 14 8 14 8 8 10 4 4 8 8 14 4 10 14 8 8 4 8 8 4 4 8 4 8 8 8 10 8 14 8 11 8 4 8 4 8 8 14 14 8 11 8 8 14 14 8 8 8 14 8 8 8 8 4 8 14 14 8 8 11 8 8 8 4 14 14 4 8 10 8 8 4 8 14 8 11 8 8 14 8 8 8 8 4 8 8 8 8 8 8 8 8
8 8 8 13 8 8 8 8 13 8 13 8 13 10 4 8 8 13 13 8 8 13 8 8 4 8 8 8 11 8 8 10 8 4 8 8 4 8 8 4 8 8 4 8 8 8 13 8 13 8 8 13 8 8 8 8 8 8 8 8 4 8 8 8 13 8 8 4 13 8 8 8 13 13 8 4 10 4 13 13 8 8 8 8 8 8 8 13 8 8 13 4 8 4 8 8 4 8 8 4 8 8 8 13 8 8 8 8 13 13 13 8 8 10 4 8 8 13 13 13 8 13 8 8 4 8 8 8 13 8 13 8 8 8 8 8 4 8 8 8 8 8 8 8 8 8 13 13 13 8 8 8 4 8 8 8 8 8 8 8 4 13 8 8 4 8 8 8 13 8 8 8 13 13 8 8 8 8 8 4 8 8 8 11 4 8 13 13 4 13 13 8 8 8 4 8 4 8 8 13
4 12 8 12 8 8 8 8 12 12 12 8 8 10 8 8 8 8 12 4 10 12 8 8 10 8 4 8 4 4 8 8 8 8 8 8 10 8 10 8 8 8 8 8 8 10 12 12 10 8 8 8 8 8 8 8 8 8 8 8 8 8 8 8 12 12 8 8 12 8 8 8 4 12 4 8 10 8 8 4 8 8 8 8 8 8 8 12 4 8 8 8 8 4 8 8 4 8 8 12 8 12 8 12 8 8 8 8 8 4 12 8 8 10 12 8 8 12 12 8 10 12 8 8 10 4 4 8 4 12 8 8 8 12 8 8 4 8 8 4 8 8 8 8 8 8 12 12 10 8 8 8 8 8 8 12 8 8 8 8 8 8 8 8 12 12 8 4 12 8 8 8 4 12 8 4 8 8 8 12 8 8 8 8 8 8 8 8 8 8 12 8 8 8 8 8 4 8 8 8
8 4 8 12 4 8 8 11 12 8 12 12 8 11 8 4 8 4 12 8 11 12 8 8 4 8 4 8 4 12 8 8 8 8 8 8 11 8 8 8 4 8 8 8 8 11 12 12 4 8 8 8 8 8 8 8 8 8 8 8 8 8 8 8 12 8 8 8 12 8 8 8 12 12 8 8 11 4 12 4 8 8 4 8 11 11 8 8 8 4 8 8 8 8 8 8 8 8 8 8 12 12 8 12 4 8 8 8 12 8 12 8 8 11 4 8 8 8 12 8 8 8 8 8 11 8 4 4 4 8 11 8 8 8 8 11 4 8 8 8 4 8 8 8 8 8 12 8 8 8 4 8 8 8 8 8 8 8 8 8 8 4 12 8 12 8 8 8 12 8 12 8 12 12 4 8 11 4 12 4 8 8 4 8 8 4 8 12 8 8 8 8 12 4 8 8 4 8 8 8
4 4 8 4 12 8 8 8 4 8 4 8 8 10 8 8 12 12 4 12 10 4 8 8 12 8 8 8 8 8 8 8 8 8 8 8 8 8 8 8 8 12 8 8 8 10 4 8 12 8 8 8 8 8 8 8 8 8 8 8 8 4 8 8 4 8 8 12 4 12 8 8 4 4 12 8 10 12 4 12 8 8 8 8 8 8 8 8 8 12 4 11 8 8 8 8 12 8 8 12 4 4 8 4 8 8 8 8 8 4 8 12 8 10 8 8 12 4 4 8 10 4 8 8 8 12 8 8 8 12 8 8 8 8 8 8 8 8 8 8 12 8 8 8 8 8 4 4 12 8 4 8 8 8 8 8 8 8 8 8 12 12 8 8 8 8 8 12 4 12 8 8 4 4 8 8 10 12 4 12 8 12 8 8 8 8 8 8 8 12 8 8 8 8 8 8 8 8 8 8
4 4 7 4 7 12 7 7 4 4 4 7 7 11 12 7 7 12 4 12 11 4 7 7 12 7 7 7 12 7 7 7 11 12 7 7 7 7 7 7 7 7 7 7 7 11 4 7 12 4 12 7 7 12 7 7 12 7 7 7 7 7 4 7 7 7 7 12 7 12 7 7 7 4 7 7 11 7 7 12 7 7 7 7 7 11 7 7 7 12 7 12 7 7 7 7 4 7 7 12 4 4 7 4 12 7 4 7 4 7 4 7 7 11 4 7 7 12 4 7 11 4 7 7 12 12 7 7 7 7 7 7 11 7 7 7 7 7 7 7 7 12 7 7 7 11 4 12 12 7 12 7 7 7 7 7 7 7 7 7 7 7 7 7 12 7 7 12 12 12 7 7 4 4 7 7 11 12 7 12 7 7 7 7 7 7 7 7 7 12 7 7 7 7 7 7 7 7 7 7
4 4 7 4 7 7 7 7 4 7 4 7 7 11 12 7 7 7 4 7 11 4 7 12 7 7 7 7 7 7 7 7 7 12 7 7 7 7 7 7 7 7 7 7 7 7 4 7 12 4 4 7 7 7 7 7 7 7 7 7 4 7 7 7 4 7 7 12 7 7 7 7 7 4 7 7 11 12 7 12 7 7 7 7 7 7 7 7 7 12 4 4 7 7 7 7 4 7 7 7 4 4 7 4 7 7 4 7 4 7 4 12 7 11 12 7 7 12 4 12 11 4 7 7 7 7 7 7 12 12 7 7 11 7 7 12 7 7 7 7 7 7 7 7 7 7 4 7 12 4 7 7 7 7 7 7 4 7 7 7 7 7 7 7 4 7 7 12 7 7 7 4 7 4 7 7 11 12 7 12 7 4 7 7 7 7 7 7 7 7 4 7 7 7 11 7 7 7 7 7
