-0.58952 -0.545897 0.0547726 -0.642415 -0.120117 -0.0853809 0.355797 -0.46287 -0.0985679 -0.622389
-0.18278 -0.545897 0.0547726 -0.642415 -0.120117 -0.0853809 0.355797 -0.46287 -0.0985679 -0.622389
-0.18278 -0.545897 0.0547726 -0.642415 -0.120117 -0.0853809 0.355797 -0.46287 -0.0985679 -0.622389
-0.18278 -0.545897 0.0547726 -0.642415 -0.120117 -0.142176 0.355797 -0.46287 -0.0985679 -0.622389
-0.18278 -0.545897 0.0547726 -0.642415 -0.109572 -0.0385301 0.355797 -0.46287 -0.0985679 -0.564445
-0.18278 -0.545897 0.0547726 -0.642415 -0.109572 -0.0385301 0.355797 -0.46287 -0.0985679 -0.564445
-0.18278 -0.545897 0.142716 -0.642415 -0.109572 -0.0385301 0.355797 -0.46287 -0.0985679 -0.564445
-0.18278 -0.545897 0.142716 -0.642415 0.0265414 -0.0385301 0.355797 -0.46287 0.0718972 -0.564445
-0.18278 -0.545897 0.142716 -0.642415 0.0265414 -0.0385301 0.355797 -0.46287 0.0718972 -0.564445
-0.18278 -0.309924 0.142716 -0.642415 0.0265414 -0.0385301 0.355797 -0.46287 0.0718972 -0.564445
