0.619379 -0.298321 0.338599 -0.510141 -0.109213 0.483417 -0.040045 0.243582 0.229582 0.0495886
0.619379 -0.298321 0.338599 -0.510141 -0.109213 0.483417 -0.040045 0.325472 0.229582 -0.465214
0.619379 -0.298321 0.338599 -0.510141 -0.109213 0.483417 -0.040045 0.325472 0.229582 -0.465214
0.619379 -0.298321 0.338599 -0.510141 -0.109213 0.483417 -0.040045 0.325472 0.229582 -0.465214
0.619379 -0.283093 0.338599 -0.510141 0.00850331 0.483417 -0.040045 0.325472 0.229582 -0.465214
0.503882 -0.283093 0.338599 -0.510141 0.00850331 0.483417 -0.040045 0.325472 0.229582 -0.465214
0.503882 -0.283093 0.338599 -0.510141 -0.128716 0.483417 -0.040045 0.325472 0.229582 -0.465214
0.503882 -0.133277 0.338599 -0.510141 -0.128716 0.122138 -0.040045 0.263936 0.229582 -0.465214
0.503882 -0.133277 0.338599 -0.510141 -0.128716 0.122138 -0.040045 0.263936 0.229582 -0.236282
0.503882 -0.133277 0.338599 -0.510141 -0.128716 0.122138 -0.040045 0.263936 0.64715 -0.236282
