0.881487 0.546545 0.863615 0.910197 0.907475 0.657809 0.610003
0.857161 0.546545 0.863615 0.910197 0.907475 0.657809 0.457713
0.857161 0.546545 0.863615 0.910197 0.907475 0.657809 0.457713
0.857161 0.546545 0.863615 0.910197 0.907475 0.657809 0.4834
0.857161 0.546545 0.863615 0.910197 0.792581 0.657809 0.4834
0.857161 0.546545 0.863615 0.910197 0.792581 0.657809 0.4834
0.857161 0.569185 0.863615 0.910197 0.792581 0.657809 0.4834
0.782851 0.569185 0.863615 0.855525 0.792581 0.657809 0.4834
0.782851 0.569185 0.863615 0.855525 0.792581 0.657809 0.4834
0.782851 0.561911 0.863615 0.855525 0.792581 0.657809 0.4834
