0.926557 0.938022 0.822857 0.375459 0.961582 0.634016 0.941544
0.906875 0.938022 0.822857 0.375459 0.961582 0.634016 0.964741
0.906875 0.938022 0.822857 0.375459 0.961582 0.634016 0.964741
0.906875 0.938022 0.822857 0.375459 0.961582 0.634016 0.964741
0.906875 0.938022 0.822857 0.375459 0.961582 0.634016 0.964741
0.906875 0.938022 0.822857 0.425511 0.961582 0.634016 0.964741
0.906875 0.938022 0.822857 0.425511 0.961582 0.634016 0.964741
0.906875 0.938022 0.822857 0.188762 0.961582 0.634016 0.964741
0.906875 0.938022 0.822857 0.188762 0.961582 0.634016 0.964741
0.906875 0.938022 0.822857 0.188762 0.961582 0.634016 0.964741
