5.10388
5.10388
4.91386
4.91386
6.2007
5.47431
5.49316
5.49316
7.08988
4.22453
4.22453
3.57716
2.63145
2.63145
4.80656
5.06646
5.50419
5.50419
4.15489
4.15489
4.15489
4.15489
4.15489
4.15489
4.15489
3.43474
2.92191
2.92191
2.92191
2.92191
5.49668
5.49668
3.60145
3.26694
3.26694
6.07745
6.07745
6.07745
6.07745
6.07745
4.47153
3.07446
3.07446
6.27237
5.8142
5.8142
5.8142
3.7664
3.7664
3.46274
4.6402
4.6402
3.2336
3.2336
3.2336
3.2336
3.2336
3.2336
3.2336
3.2336
2.54526
2.30158
4.00745
4.00745
4.00745
4.00745
4.00745
4.70762
5.11829
5.11829
5.11829
5.11829
5.16068
3.18167
3.18167
2.40569
2.84309
2.84309
3.22741
3.22741
3.22741
3.22741
2.82605
3.47621
3.23431
3.23431
3.23431
3.23431
2.6085
3.52604
3.52604
3.52604
3.52604
3.52604
3.79673
4.48686
5.48756
4.02752
4.02752
4.02752
