100
0.5855288 0.2239254 -1.436146 0.5222822 0.6279651 -1.420324 -1.636629
0.709466 -1.156223 -0.6292596 0.00979376 0.002143951 -2.466939 0.2115626
-0.1093033 0.4224185 0.2435218 -0.4405262 0.2843777 0.4847158 -0.4648317
-0.4534972 -1.324755 1.058362 1.19949 -1.001779 -0.9379723 -0.6623572
0.6058875 0.1410843 0.8313488 -0.1174685 -0.6172219 3.330733 -0.1329536
-1.817956 -0.536048 0.1052118 0.03820979 0.8281942 -0.1629455 -1.321702
0.6300986 -0.3116061 -1.741713 1.194806 -0.08481865 0.2204558 0.07669278
-0.2761841 1.55611 0.645247 0.3439584 -0.4347199 0.8762108 -0.3849909
-0.2841597 -0.4480333 0.09710422 -0.329073 -1.204835 -2.148963 0.9473064
-0.919322 0.3211235 -0.07673369 1.670858 -1.020687 -0.2337514 0.02168627
-0.1162478 -1.230172 0.9919507 -0.9180582 -0.9712292 -1.998493 -0.458294
1.817312 -1.324059 -0.8592508 -0.08780733 -0.1609134 -1.23478 0.2288621
0.3706279 1.261242 -0.2815797 1.320294 1.204687 0.8463037 -1.396408
0.5202165 1.319232 2.066247 1.730786 0.06674622 -0.04649482 0.9242942
-0.750532 -0.08075376 -0.611553 2.162596 -0.8824577 0.4036428 0.06621604
0.8168998 -0.5050898 0.3156128 -0.3157325 -0.01991974 0.7674547 0.8028908
-0.8863575 -0.05215359 0.6602934 -0.5750961 0.3280165 0.8671015 -0.06052526
-0.3315776 0.6288606 -1.722202 -1.406356 -0.9306286 -1.254581 0.08932862
1.120713 2.180002 -2.134626 2.26786 -1.131415 -0.157798 0.4013114
0.2987237 -0.06901731 0.0689456 -0.7708539 1.08623 -0.5123168 -0.8885606
0.7796219 1.544864 0.8678217 0.3803157 0.5142421 0.4130209 1.449169
1.455785 1.321452 -2.290044 0.6051368 0.2931684 0.5642563 0.2055105
-0.6443284 0.3221516 -0.1501903 1.019674 -0.5626548 0.726066 -0.05611997
-1.553137 1.530955 -0.2687818 0.474943 0.2071427 -0.4151022 -0.6398595
-1.59771 -0.4212397 1.791332 -2.185946 1.228077 0.0416153 0.717781
1.805098 -1.158821 0.672268 0.9331922 -0.4300126 0.2242921 -0.06450029
-0.4816474 -1.845368 -0.2093011 0.4754354 1.331908 0.7864091 0.1324296
0.6203798 1.157325 0.01218251 0.3902816 -0.7632672 -0.4233628 0.03471508
0.6121235 -2.12355 1.534117 -0.7273282 1.232319 -0.367534 0.2816526
-0.162311 -1.196032 0.07729182 0.9865559 0.6090587 -1.76702 0.9192783
0.8118732 1.642192 0.07843753 1.423984 -0.8225401 -0.1835379 -1.042723
2.196834 0.8836548 -0.7792611 0.4847305 -0.04764836 0.834872 -0.2136227
2.04919 0.5248759 0.1665597 0.3492364 0.170678 -0.5872005 1.777947
1.632446 -1.184659 0.2653246 0.8601242 -1.225071 -0.3589324 1.460941
0.2542712 2.655788 0.8907807 0.4046111 0.3873329 2.114129 -0.3645508
0.4911883 -1.047914 -0.4678884 0.3670449 0.4906678 0.6454111 -0.6131604
-0.3240866 -1.011123 0.7583746 -1.519199 2.239126 -0.31232 0.4959068
-1.66205 0.6689217 -0.6417364 1.549803 0.8922123 1.185448 0.2456386
1.767734 0.1291773 0.6276718 0.4998811 0.7989326 0.553799 -0.1279048
0.02580105 -0.4225769 0.2483301 0.4608729 1.935443 -0.05375394 -1.250439
1.128511 -1.140264 -0.7000758 2.07671 0.3942499 2.127463 1.634351
-2.380358 -1.293715 -0.5674016 -0.3076506 0.6325215 -0.1877065 0.9754358
-1.060266 -0.5946988 -0.2613939 0.9523709 0.1025911 0.09875784 1.084078
0.9371405 -1.500814 -1.063885 0.5327883 1.010211 1.910378 -0.3593873
0.8544517 0.01585569 -0.1063687 -0.09554771 1.214678 1.621456 -1.01552
1.460729 0.5401696 0.7711037 -0.1420634 0.5008707 2.093068 1.335521
-1.413099 -1.547292 2.747404 -1.183026 -0.909468 -0.6922359 -0.1555623
0.5674033 0.8496529 -0.08393476 0.5453184 -2.197209 -2.287198 0.9266085
0.5831877 0.8960132 0.5435676 -2.581855 0.4385453 -1.655602 0.8892457
-1.306799 0.138691 0.7528612 0.7789 -1.029415 0.5695094 0.145117
-0.5403861 -1.619328 -0.8086741 0.2929403 0.7130781 -0.4712226 -0.8186466
1.947693 0.5483979 1.00112 -0.08670791 1.028269 -0.03320968 -1.236823
0.05359027 0.1952822 0.4560525 -1.466359 -0.5706327 0.3773671 2.317226
0.3516628 -0.806498 -1.43425 -1.083179 -0.4340087 1.157718 0.05072431
-0.6709765 -0.1086242 -0.2653048 1.057737 1.005317 1.39865 0.2908355
0.2779537 -0.2509466 0.6417692 -0.3603208 1.203545 2.118504 -1.81129
0.6911713 1.699347 -0.415021 0.3505938 1.496183 -1.08746 -1.145148
0.8237953 -0.3442988 -0.4595757 0.02825766 -0.1565984 1.216033 1.280873
2.145065 0.06777206 -0.792494 0.4730483 -0.9360305 0.6772253 -1.35947
-2.346944 -0.6505697 -1.158539 -0.9191547 0.3525386 -0.7263769 1.884971
0.149592 -0.4876385 0.71089 -0.3758234 -1.286189 0.1128439 -1.368602
-1.342531 0.3031512 1.267602 -1.812834 -0.2725229 0.06521357 0.5439404
0.5533031 -0.241974 -0.1431511 0.2886002 0.1569148 -0.6306272 -1.23803
1.589963 -0.4817336 -0.5150289 -0.1896226 -0.8818129 0.5188555 1.877132
-0.5868796 -0.9918029 1.482891 0.01786021 -0.1218978 -0.8029445 -1.44581
-1.832377 -0.2806491 -0.1625889 0.6504302 -0.8552507 -0.6816232 -0.1533674
0.8881394 0.6330173 0.04170917 0.310255 -1.005729 -0.03716272 -0.9456886
1.593488 -1.239818 0.4830399 1.668357 -0.9139524 -0.2872743 0.312405
0.5168547 1.764314 -1.180127 0.6726145 -2.078234 -1.026027 0.2747244
-1.295672 -0.02367989 -0.6635737 -0.277518 -0.1406471 1.398359 -0.3154423
0.05461558 0.1999205 -0.6346499 -0.1460264 1.299638 0.8366902 -0.3843676
-0.7846494 1.347193 -0.701963 1.701432 -0.02936878 -0.3298963 -1.428936
-1.049353 0.03607349 0.5768504 0.4713579 -2.236622 0.5348023 0.9634177
2.330512 0.8245811 -2.11308 0.5817001 0.5450301 -1.207253 0.6137816
1.402705 -1.702672 0.2609097 0.6660207 0.8308421 0.6287673 -0.3685544
0.9426009 0.4809502 1.147127 -0.7789022 -0.4975791 0.5761647 -1.807045
0.8262583 2.48355 0.01479365 1.163325 -0.6010274 1.236224 1.355438
-0.8115405 0.401365 -0.3117392 -1.964544 -0.5121978 0.4755396 0.4456802
0.4762483 0.2151772 -0.9561961 0.7691707 -0.00493238 -1.547147 0.1647948
1.021258 -1.815712 0.4734138 2.259772 -0.09714791 0.0554688 0.02997777
0.6453831 -0.9117394 -1.513864 -0.4772723 -0.0240354 0.6800621 -0.6761129
1.043144 -0.04904469 0.164281 -0.1025805 -0.1273903 -1.350202 1.13605
-0.3043691 -0.4053875 -0.8708652 0.3686962 -0.1318856 0.2451024 2.169332
2.477111 1.130382 1.593329 -0.535433 0.4537423 -0.3073485 -1.089019
0.9712207 0.8154647 0.6465975 0.5066019 -1.406336 0.7313646 -1.102726
1.867099 0.07641752 0.3573697 -0.1505571 0.2109308 0.2013818 1.302636
0.6720425 1.453747 0.1023931 0.9042436 0.7523361 -1.575463 -2.778326
-0.3079534 0.3741211 -0.6752668 2.242036 0.1383795 0.02353878 0.3413116
0.5365237 -0.1709041 0.972085 -1.195123 0.15968 0.8016411 -0.2235498
0.8248701 -0.5022128 0.7558699 -0.4185226 0.2284353 -2.555627 -0.1987716
-0.9639015 0.5435221 -0.4282856 0.7982514 -1.162784 -0.5269107 1.633303
-0.8550825 -0.505186 -0.7139248 0.4981722 0.8546585 -1.312859 -1.869622
1.886947 0.7867958 -0.1903841 0.1195602 -0.2420959 0.8008613 -0.2500888
-0.3918194 0.3009494 0.3998648 -0.3672027 -2.015995 0.7131008 -1.370759
-0.9806329 1.310224 -0.9778449 0.2623311 -0.2276905 1.031915 1.451262
0.6873321 0.7984338 0.1837369 0.2627041 0.2241698 1.681808 -2.13791
-0.5050435 0.8508604 -2.150311 0.6407389 -0.7368249 -0.2263104 -0.577261
2.15772 -0.443568 -0.6229665 0.3070898 -0.8467107 -0.197929 0.2364495
-0.5997976 -0.4467748 -0.7654393 -0.0331294 -0.1114589 1.043702 1.099857
-0.6945467 0.01330504 0.4643094 -1.374751 -0.3116017 -0.4417373 0.5612827
