100
7
var1
var2
var3
var4
var5
var6
var7
10
fixed1
fixed2
fixed3
fixed4
fixed5
fixed6
fixed7
fixed8
fixed9
fixed10
-0.4867221 0.5855288 0.2239254 -1.436146 0.5222822 0.6279651 -1.420324 -1.636629 2.303627 -0.8174921 -0.784861 1.677512 1.148091 -0.2678817 -1.659894 -0.7645574 -0.1746226 0.747993
-1.323084 0.709466 -1.156223 -0.6292596 0.00979376 0.002143951 -2.466939 0.2115626 2.020896 -0.2492659 -2.560052 0.07947405 0.4550137 0.937288 -0.2763602 0.979196 -0.6706167 1.307129
-0.03242997 -0.1093033 0.4224185 0.2435218 -0.4405262 0.2843777 0.4847158 -0.4648317 -0.05787852 0.4629986 0.07280078 -0.8564275 2.021946 0.03402358 -0.8284337 1.173833 0.5074258 -0.5878296
0.2199252 -0.4534972 -1.324755 1.058362 1.19949 -1.001779 -0.9379723 -0.6623572 0.4420934 0.6673264 0.7502436 -0.7787773 -0.6952704 0.2431589 -0.6860709 1.374666 1.247434 -1.133579
-0.205387 0.6058875 0.1410843 0.8313488 -0.1174685 -0.6172219 3.330733 -0.1329536 -1.303331 0.4881699 -0.1282489 -0.3809361 1.603965 1.143689 -0.2716078 1.202738 -1.248276 -0.7816046
0.2218984 -1.817956 -0.536048 0.1052118 0.03820979 0.8281942 -0.1629455 -1.321702 -0.03522043 1.076487 -0.4878667 -1.897358 1.351707 0.8274059 1.243811 0.02694937 -1.934719 1.083198
-0.1863405 0.6300986 -0.3116061 -1.741713 1.194806 -0.08481865 0.2204558 0.07669278 0.9242543 1.149296 0.9087878 -0.07177091 0.4395146 0.3480582 -0.1720214 0.7112603 -0.7638625 0.4598888
-1.484968 -0.2761841 1.55611 0.645247 0.3439584 -0.4347199 0.8762108 -0.3849909 -0.3608283 -1.622123 -1.852464 -1.030865 1.571622 -0.3812028 -2.546475 -0.09145238 1.427089 -0.4898623
0.6093719 -0.2841597 -0.4480333 0.09710422 -0.329073 -1.204835 -2.148963 0.9473064 0.4671727 1.126283 -0.3101479 0.6706955 -1.741253 1.361281 1.640627 -0.1168616 -0.2633369 0.07550618
2.786408 -0.919322 0.3211235 -0.07673369 1.670858 -1.020687 -0.2337514 0.02168627 -0.2012369 0.5904275 -0.3138649 -0.3612878 -1.484015 -0.8855418 0.9702368 -1.125789 0.5861254 1.922219
0.5234737 -0.1162478 -1.230172 0.9919507 -0.9180582 -0.9712292 -1.998493 -0.458294 -0.005347343 -0.740585 0.02355123 -0.2793064 -0.5552326 0.388984 0.02030747 1.139871 1.021322 0.1276802
1.749924 1.817312 -1.324059 -0.8592508 -0.08780733 -0.1609134 -1.23478 0.2288621 -0.5330033 0.2524539 1.18346 -0.6458904 -1.358605 0.4119051 -2.651398 -0.4594912 1.747732 1.123922
1.619029 0.3706279 1.261242 -0.2815797 1.320294 1.204687 0.8463037 -1.396408 -0.5154151 -0.3369977 -0.5528332 -0.5157291 -0.08265712 0.7099135 1.117812 -0.9206652 1.021404 1.226659
2.451735 0.5202165 1.319232 2.066247 1.730786 0.06674622 -0.04649482 0.9242942 -0.08491091 0.9480396 0.5970403 -1.374556 -0.3582361 -1.315294 -0.8190834 -0.3039308 0.06653601 1.031377
-0.2383976 -0.750532 -0.08075376 -0.611553 2.162596 -0.8824577 0.4036428 0.06621604 0.4359333 -0.6603504 0.6809694 1.010378 -1.289118 -1.536934 1.70455 0.2676853 -0.3097396 0.06793635
-1.178599 0.8168998 -0.5050898 0.3156128 -0.3157325 -0.01991974 0.7674547 0.8028908 0.9979542 0.6830538 0.01196105 0.4537065 0.9666832 -0.6460026 0.8498558 -1.256961 -2.132376 -0.9969599
-0.8055403 -0.8863575 -0.05215359 0.6602934 -0.5750961 0.3280165 0.8671015 -0.06052526 -1.163189 0.07839157 -0.2068076 0.2748803 -0.4204559 -0.968643 0.5433371 1.552993 -0.3223809 -1.167871
-0.4764119 -0.3315776 0.6288606 -1.722202 -1.406356 -0.9306286 -1.254581 0.08932862 1.680894 0.5333681 0.738849 -1.271791 0.7782147 -1.045695 0.05603545 3.289022 0.5053498 -0.6031001
-0.1146265 1.120713 2.180002 -2.134626 2.26786 -1.131415 -0.157798 0.4013114 1.217121 0.8755866 -0.02572164 0.9735952 0.577273 -0.1320589 1.58405 1.430688 -1.027557 0.7283802
-0.783119 0.2987237 -0.06901731 0.0689456 -0.7708539 1.08623 -0.5123168 -0.8885606 -0.02743883 0.1385107 -1.796728 1.280787 -0.3967217 0.1387247 -1.438635 1.402933 1.160879 -0.6165192
1.386645 0.7796219 1.544864 0.8678217 0.3803157 0.5142421 0.4130209 1.449169 -0.2915456 0.940188 -1.815611 -0.02587655 -1.55747 -1.609804 -0.6397186 0.02071507 0.678678 -0.2624089
-0.1208406 1.455785 1.321452 -2.290044 0.6051368 0.2931684 0.5642563 0.2055105 0.9726278 -0.6636771 -0.2577454 -1.735964 -0.5484079 0.9729914 0.08676547 1.22209 -0.5749005 -1.266202
0.1623455 -0.6443284 0.3221516 -0.1501903 1.019674 -0.5626548 0.726066 -0.05611997 -0.2397067 -0.8424122 -0.06072724 -0.9451759 0.2172602 1.048883 0.4668112 -0.5771036 0.04489418 -0.9027523
1.767038 -1.553137 1.530955 -0.2687818 0.474943 0.2071427 -0.4151022 -0.6398595 -0.9017177 2.364362 0.9918737 -0.4611196 0.913235 -0.1158494 0.4172528 0.8254201 0.3299231 0.1460915
0.1349668 -1.59771 -0.4212397 1.791332 -2.185946 1.228077 0.0416153 0.717781 -0.6311743 -0.03286309 -0.968441 0.5595661 1.552215 0.9108676 0.6078948 0.3828372 -0.3167286 1.338424
0.3049775 1.805098 -1.158821 0.672268 0.9331922 -0.4300126 0.2242921 -0.06450029 -1.625975 0.6504299 0.3807206 0.2073717 1.268131 2.061831 0.2802099 -1.211663 0.5515095 0.6668734
-0.6545887 -0.4816474 -1.845368 -0.2093011 0.4754354 1.331908 0.7864091 0.1324296 -2.149496 -0.6983809 0.2135097 0.4005163 0.7604015 0.7765685 -1.176268 1.116297 -0.5401848 -0.6343806
-0.09725207 0.6203798 1.157325 0.01218251 0.3902816 -0.7632672 -0.4233628 0.03471508 2.112628 -0.4375006 -0.9685065 -0.05140967 0.6591804 -0.186582 -1.294234 -0.818012 0.1284177 1.208761
0.9297654 0.6121235 -2.12355 1.534117 -0.7273282 1.232319 -0.367534 0.2816526 0.2690804 -0.7190874 1.494873 0.8249447 0.6539897 -0.5098985 -0.3187407 -0.4448648 1.775905 0.932657
-0.4008933 -0.162311 -1.196032 0.07729182 0.9865559 0.6090587 -1.76702 0.9192783 -0.5194722 -0.2749892 -0.3362198 -1.678068 1.555976 0.7140768 0.8458576 0.8446613 -0.8719302 0.6650382
-0.6685459 0.8118732 1.642192 0.07843753 1.423984 -0.8225401 -0.1835379 -1.042723 -0.01573444 0.8969178 -1.700628 -0.9232794 0.4166109 -1.035263 0.0590417 0.9512592 -0.7451252 -0.1828515
0.215994 2.196834 0.8836548 -0.7792611 0.4847305 -0.04764836 0.834872 -0.2136227 -0.1512529 -0.6397435 -1.467678 -0.6574483 0.02805339 1.894849 0.2800531 -0.8624013 1.156178 -0.5914073
1.435075 2.04919 0.5248759 0.1665597 0.3492364 0.170678 -0.5872005 1.777947 0.08823135 -0.07613182 -0.2163487 1.654942 -2.366009 0.05679306 -0.8365912 0.6122581 0.1240977 -0.8061726
-0.4391723 1.632446 -1.184659 0.2653246 0.8601242 -1.225071 -0.3589324 1.460941 0.7789025 0.8486791 1.151785 -1.163929 0.5460445 -1.700726 0.6535332 -0.1050205 0.9013429 -0.2098768
1.496711 0.2542712 2.655788 0.8907807 0.4046111 0.3873329 2.114129 -0.3645508 0.3867201 0.6170589 0.6334805 -0.8791427 -0.08707714 -0.0648369 -0.902541 -0.7537623 0.07305804 -0.3525468
-0.9132918 0.4911883 -1.047914 -0.4678884 0.3670449 0.4906678 0.6454111 -0.6131604 0.3479535 -1.988485 -0.2773097 0.224613 0.3688921 0.8931587 -2.032552 -2.771493 -0.4767524 0.1118152
0.6600338 -0.3240866 -1.011123 0.7583746 -1.519199 2.239126 -0.31232 0.4959068 -1.899571 0.6315953 -1.743348 1.42055 -1.440439 -0.2376845 1.342897 -0.09864343 0.8763414 -0.1140837
-0.7721398 -1.66205 0.6689217 -0.6417364 1.549803 0.8922123 1.185448 0.2456386 -0.05768242 -1.944145 -1.018553 0.5009207 0.9483422 -0.8837804 -0.09960471 -0.8625212 -0.100986 0.1012243
1.096155 1.767734 0.1291773 0.6276718 0.4998811 0.7989326 0.553799 -0.1279048 -0.471305 0.477375 -0.3094813 0.2848296 -1.622469 -0.2681143 -1.320546 0.01191442 -1.920784 0.2078491
1.228954 0.02580105 -0.4225769 0.2483301 0.4608729 1.935443 -0.05375394 -1.250439 0.6347313 1.77873 -0.5140055 -0.7205748 -1.422041 -1.425159 0.4900321 0.2279024 1.402969 0.2202087
-0.3815777 1.128511 -1.140264 -0.7000758 2.07671 0.3942499 2.127463 1.634351 -0.9607437 0.8878925 -0.7414662 0.8964609 -2.19956 0.2827295 -0.1370103 0.7548681 -2.066796 -1.031778
-0.4033738 -2.380358 -1.293715 -0.5674016 -0.3076506 0.6325215 -0.1877065 0.9754358 -0.8048246 -1.103164 0.1912165 -1.432468 0.1022425 -0.1589796 -0.05430162 0.2102209 -0.3281379 -0.330933
-0.3653954 -1.060266 -0.5946988 -0.2613939 0.9523709 0.1025911 0.09875784 1.084078 -0.4959468 -0.3026337 -1.166984 0.3859926 -1.700944 -0.1410436 -0.6447157 -0.6535798 -1.548884 -0.3176921
-0.4790879 0.9371405 -1.500814 -1.063885 0.5327883 1.010211 1.910378 -0.3593873 -0.418477 0.8337954 -1.626141 -1.110654 1.667568 0.3862386 0.02039161 0.2518509 0.2365184 0.3883043
-2.194944 0.8544517 0.01585569 -0.1063687 -0.09554771 1.214678 1.621456 -1.01552 -0.6549845 -2.40953 -0.9768972 -0.07550344 0.6513278 -0.4738548 -0.270451 -0.4156504 -0.1765126 -0.7755764
0.3729525 1.460729 0.5401696 0.7711037 -0.1420634 0.5008707 2.093068 1.335521 1.395486 0.2574524 -0.6886212 -1.387222 1.533247 1.181902 -0.4722324 -0.1920236 0.8881918 -0.1732964
-1.459979 -1.413099 -1.547292 2.747404 -1.183026 -0.909468 -0.6922359 -0.1555623 3.093697 -2.173738 0.4078009 0.2747137 -0.007104085 -0.8463826 -2.137675 0.1327294 -2.156052 2.700157
0.3002467 0.5674033 0.8496529 -0.08393476 0.5453184 -2.197209 -2.287198 0.9266085 1.900826 0.02616768 -1.121405 0.546312 0.06443705 -0.2310963 0.09732707 0.2444788 0.6749029 1.851661
0.3069976 0.5831877 0.8960132 0.5435676 -2.581855 0.4385453 -1.655602 0.8892457 -0.395319 -0.5738898 -1.562934 -0.5390946 1.42522 -1.541975 -0.3793286 1.30488 1.266475 0.7990173
0.1984993 -1.306799 0.138691 0.7528612 0.7789 -1.029415 0.5695094 0.145117 -0.5867024 0.2770727 0.2346614 -1.841499 1.095977 -0.1259064 0.4341929 -0.9407241 0.3591379 -0.008937892
-0.2615628 -0.5403861 -1.619328 -0.8086741 0.2929403 0.7130781 -0.4712226 -0.8186466 0.4617654 0.263804 -1.983761 -0.790289 -0.1238355 0.8915386 -0.1156643 1.3369 1.040038 -0.1135557
0.405511 1.947693 0.5483979 1.00112 -0.08670791 1.028269 -0.03320968 -1.236823 0.09720934 0.889458 0.9780325 -1.094068 -0.6022838 0.708697 -1.29897 1.835932 0.567361 -1.779821
0.1480231 0.05359027 0.1952822 0.4560525 -1.466359 -0.5706327 0.3773671 2.317226 0.6760256 -0.5316916 -0.3259468 0.4636974 -1.09614 1.365485 -1.447406 -0.7039348 -0.7341842 -0.1584025
0.1791746 0.3516628 -0.806498 -1.43425 -1.083179 -0.4340087 1.157718 0.05072431 -0.7487705 -0.2888767 -0.2268133 0.01676548 -0.3112971 0.1469412 0.1178767 -0.4897001 -1.441932 1.112768
1.229613 -0.6709765 -0.1086242 -0.2653048 1.057737 1.005317 1.39865 0.2908355 1.025553 2.324238 0.4223303 0.7137156 0.1751389 0.03437656 -0.7132565 -0.8622394 -1.086364 1.918488
-0.442646 0.2779537 -0.2509466 0.6417692 -0.3603208 1.203545 2.118504 -1.81129 -0.6965954 0.8050697 -0.1935254 0.3727204 0.5308099 1.350905 -1.510396 0.6785788 -1.005305 -1.613377
-0.1047096 0.6911713 1.699347 -0.415021 0.3505938 1.496183 -1.08746 -1.145148 -1.277135 -0.8247415 -0.2710169 -0.6314187 0.9064108 -0.3647844 -0.2915044 -1.368707 -0.4290186 0.3717693
-0.9743029 0.8237953 -0.3442988 -0.4595757 0.02825766 -0.1565984 1.216033 1.280873 -0.09242373 0.6140076 -0.2649424 -0.3451947 0.04675313 -0.8209659 -0.8906692 1.107931 0.01803842 -0.9234436
-1.798141 2.145065 0.06777206 -0.792494 0.4730483 -0.9360305 0.6772253 -1.35947 1.847464 0.00618369 -0.5533882 -0.2336731 0.1847949 -0.4474571 -0.6854768 -0.7516646 -0.6674292 -2.304104
1.14032 -2.346944 -0.6505697 -1.158539 -0.9191547 0.3525386 -0.7263769 1.884971 -0.9296295 0.5064633 -0.4367079 -2.40271 -0.5050118 1.119657 -0.06393229 -0.8608626 0.9682182 -0.2766415
0.02866221 0.149592 -0.4876385 0.71089 -0.3758234 -1.286189 0.1128439 -1.368602 -1.0308 -1.036276 0.3250866 -0.8410157 1.090732 0.209283 -0.269658 0.5500045 1.391053 -0.537288
-0.2313093 -1.342531 0.3031512 1.267602 -1.812834 -0.2725229 0.06521357 0.5439404 -1.319514 -2.058183 -0.7821451 -0.5255776 -0.1854982 0.5836894 -3.334675 -0.497398 -0.1941484 -0.06751695
-1.721829 0.5533031 -0.241974 -0.1431511 0.2886002 0.1569148 -0.6306272 -1.23803 -0.0842057 -1.183702 0.521032 0.9646761 -0.4714215 -0.6860822 1.051274 0.2909139 -0.4891577 -1.652377
0.1792273 1.589963 -0.4817336 -0.5150289 -0.1896226 -0.8818129 0.5188555 1.877132 0.7739022 -0.5218746 1.887861 1.168688 0.6331219 -1.01849 1.29102 1.742643 -0.5240535 1.393098
0.1404315 -0.5868796 -0.9918029 1.482891 0.01786021 -0.1218978 -0.8029445 -1.44581 -0.1599474 -1.155976 1.583178 0.03752564 -0.2721245 -1.134753 1.238249 0.171098 -0.535994 -0.338886
-1.150546 -1.832377 -0.2806491 -0.1625889 0.6504302 -0.8552507 -0.6816232 -0.1533674 0.8633075 1.707211 -0.1318275 -1.05945 0.7928388 -0.4582505 -1.901656 1.666231 -1.135895 -0.07532615
-1.365387 0.8881394 0.6330173 0.04170917 0.310255 -1.005729 -0.03716272 -0.9456886 0.9693709 -0.4014458 -1.578077 -0.2031989 1.05168 0.8673762 -0.4426764 0.2805139 -1.117888 -0.7028121
-0.8795009 1.593488 -1.239818 0.4830399 1.668357 -0.9139524 -0.2872743 0.312405 0.614129 -0.07804824 -0.7697309 -0.2605225 0.467591 0.70705 1.237265 1.332595 -1.248316 1.341141
-1.383217 0.5168547 1.764314 -1.180127 0.6726145 -2.078234 -1.026027 0.2747244 2.496919 -0.6892324 -1.089302 -1.503593 1.577758 0.220164 -0.0346286 0.8081996 -0.9142793 -0.2371518
-1.516462 -1.295672 -0.02367989 -0.6635737 -0.277518 -0.1406471 1.398359 -0.3154423 1.155265 -0.7034026 -0.7375303 -1.191546 1.192579 0.3172298 0.8705577 0.39444 0.7331804 0.3179232
-0.08392817 0.05461558 0.1999205 -0.6346499 -0.1460264 1.299638 0.8366902 -0.3843676 1.874872 0.2056696 0.9021509 2.457074 0.6878087 -2.308669 -1.358354 -1.196499 1.768734 -0.4223846
0.02970544 -0.7846494 1.347193 -0.701963 1.701432 -0.02936878 -0.3298963 -1.428936 -0.2375575 0.4201751 -0.349407 -1.421405 -0.5405657 -0.7641269 0.2150112 -1.029293 0.01939714 -1.265948
0.3082312 -1.049353 0.03607349 0.5768504 0.4713579 -2.236622 0.5348023 0.9634177 -0.4527795 1.063715 0.58993 -1.170671 0.6929026 -0.2572154 0.4490792 -2.969979 -0.02112681 -0.08486672
2.445611 2.330512 0.8245811 -2.11308 0.5817001 0.5450301 -1.207253 0.6137816 -0.7167515 -0.7276814 -0.1578084 0.6127288 -2.19404 1.171747 1.204462 0.1487361 -0.2060037 0.497415
1.069446 1.402705 -1.702672 0.2609097 0.6660207 0.8308421 0.6287673 -0.3685544 0.4889343 0.8737073 0.7978737 0.5040729 -0.9540472 -0.6453593 1.162177 -0.2891516 -1.029532 1.674719
-0.663965 0.9426009 0.4809502 1.147127 -0.7789022 -0.4975791 0.5761647 -1.807045 0.8342016 -1.388424 1.086562 -0.03360403 -0.1401837 -1.790562 0.1908543 0.4174799 -1.699159 0.8786207
-0.576516 0.8262583 2.48355 0.01479365 1.163325 -0.6010274 1.236224 1.355438 0.9258648 0.3100317 0.834957 1.067788 0.3671503 -1.079786 -0.5591994 -0.07795111 -0.6721233 -0.2652018
0.4147884 -0.8115405 0.401365 -0.3117392 -1.964544 -0.5121978 0.4755396 0.4456802 0.9431552 0.1900542 -0.2968655 -1.084364 0.05585806 0.7144488 -1.184502 0.6799458 1.824964 -0.3689424
0.1544922 0.4762483 0.2151772 -0.9561961 0.7691707 -0.00493238 -1.547147 0.1647948 -0.5600745 -0.1638047 1.854301 0.5657555 1.853887 -1.812945 -0.1129663 0.1509886 -1.526649 0.04741658
-0.3669564 1.021258 -1.815712 0.4734138 2.259772 -0.09714791 0.0554688 0.02997777 0.6876993 0.5134906 1.298332 -0.2760908 1.233489 1.048169 1.029247 -0.8381406 0.6114916 -0.9183269
0.1434125 0.6453831 -0.9117394 -1.513864 -0.4772723 -0.0240354 0.6800621 -0.6761129 0.2198254 0.9000963 -0.5352411 -0.8257089 -1.533458 0.2027159 -0.6875893 1.832869 -0.2712488 -0.748233
-0.4399601 1.043144 -0.04904469 0.164281 -0.1025805 -0.1273903 -1.350202 1.13605 -1.005237 0.119871 -0.8843313 0.4902205 0.07045561 0.2812114 -0.3494503 -1.209772 -1.334089 1.566873
0.8121245 -0.3043691 -0.4053875 -0.8708652 0.3686962 -0.1318856 0.2451024 2.169332 0.3731012 0.9415274 1.861033 -0.9265319 0.6246542 1.032058 -0.1476561 0.3774019 2.345454 -0.6768733
1.210961 2.477111 1.130382 1.593329 -0.535433 0.4537423 -0.3073485 -1.089019 0.4693916 0.5154893 -0.2705921 1.60255 -0.2239822 2.293879 0.4270337 -1.079295 1.234337 -1.640396
0.9725363 0.9712207 0.8154647 0.6465975 0.5066019 -1.406336 0.7313646 -1.102726 0.06462608 -0.5547614 0.5856409 -0.860891 0.3511706 -0.05925603 -1.48697 0.01319179 1.525058 -0.54387
1.535466 1.867099 0.07641752 0.3573697 -0.1505571 0.2109308 0.2013818 1.302636 1.004815 0.7723769 -0.5770578 -0.3655133 0.1222045 0.4114014 0.558629 -0.09626402 0.5811088 0.8005263
1.060402 0.6720425 1.453747 0.1023931 0.9042436 0.7523361 -1.575463 -2.778326 -0.3738294 0.7435963 -0.3190149 -0.006331921 -1.803557 -1.279242 -0.2354397 -0.5000694 -2.3611 -0.6946287
-0.3971192 -0.3079534 0.3741211 -0.6752668 2.242036 0.1383795 0.02353878 0.3413116 0.9361085 -0.5896525 -0.3140251 -2.380531 1.001495 -0.4265019 0.215798 1.120097 -0.07684396 -1.21827
-0.5905646 0.5365237 -0.1709041 0.972085 -1.195123 0.15968 0.8016411 -0.2235498 0.8449886 0.6263002 -0.6593386 1.52082 1.19922 0.8499574 -0.07174341 -0.7230077 1.380426 -0.4726414
-0.1244068 0.8248701 -0.5022128 0.7558699 -0.4185226 0.2284353 -2.555627 -0.1987716 1.092658 -1.876366 -1.22316 -0.6199021 -1.426005 -1.803013 -1.651181 0.009590228 0.001432386 1.217537
1.55957 -0.9639015 0.5435221 -0.4282856 0.7982514 -1.162784 -0.5269107 1.633303 0.6292446 0.1398461 0.1092041 -0.4840289 -1.154185 -0.969554 -0.7333041 -0.6285882 -0.3904386 1.225466
0.1435454 -0.8550825 -0.505186 -0.7139248 0.4981722 0.8546585 -1.312859 -1.869622 1.037235 0.2403042 -0.2344074 -0.926161 0.1958794 1.650679 -0.001886289 -0.5044434 0.4318237 -0.5324876
-0.05226896 1.886947 0.7867958 -0.1903841 0.1195602 -0.2420959 0.8008613 -0.2500888 0.8706171 0.119982 0.1619446 -0.2859256 0.4890331 0.6659569 0.7003928 -0.08597805 0.6299729 -1.601063
-2.410944 -0.3918194 0.3009494 0.3998648 -0.3672027 -2.015995 0.7131008 -1.370759 -0.6274084 -2.011711 -0.8559039 1.587795 -0.03015056 0.3611146 0.7858365 -0.2032845 -1.590389 -2.810503
-0.5475669 -0.9806329 1.310224 -0.9778449 0.2623311 -0.2276905 1.031915 1.451262 0.435729 -0.3736602 -1.21361 0.659089 0.1621807 -0.4877988 -1.02471 3.049686 0.5878471 0.1235114
0.08109244 0.6873321 0.7984338 0.1837369 0.2627041 0.2241698 1.681808 -2.13791 0.2394069 -0.9971703 -0.06772147 1.206298 0.1064995 1.428382 -0.3740946 -0.986571 0.2958657 -0.1560142
0.5546056 -0.5050435 0.8508604 -2.150311 0.6407389 -0.7368249 -0.2263104 -0.577261 -1.25612 -1.131102 1.456469 -0.02482964 -1.176967 -0.9042526 -0.743649 1.173331 -0.820628 0.5201917
-1.508289 2.15772 -0.443568 -0.6229665 0.3070898 -0.8467107 -0.197929 0.2364495 0.2235699 0.01520936 -1.442939 -0.9045874 0.9344294 -2.093694 -0.6747083 0.3192397 0.3494011 -0.895102
-0.6930186 -0.5997976 -0.4467748 -0.7654393 -0.0331294 -0.1114589 1.043702 1.099857 0.5045899 0.4037054 -0.5125299 -0.4468698 0.4219746 0.921679 -0.6763354 -0.5273298 -1.377753 1.344346
-1.174252 -0.6945467 0.01330504 0.4643094 -1.374751 -0.3116017 -0.4417373 0.5612827 2.117015 -0.5412105 0.2439838 0.1250856 -0.503019 -1.849023 -0.9736375 0.283862 -0.8637625 -0.3459044
