0.346535 0.788639

0.376238 0.250754

0.277228 0.269627

0.405941 0.38452

0.425743 0.686023

0.39604 0.436892

0.405941 0.504598

0.386139 0.172365

0.346535 1

0.277228 0.373966
0.32 0.230955

0.416 0.529596

0.336 0.641416

0.424 0.570415

0.392 0.221287

0.392 0.250997

0.376 1

0.472 1.10184

0.304 0.256422

0.296 0.188072
0.353333 0.399134

0.4 0.277327

0.32 0.220968

0.413333 0.402236

0.426667 0.557645

0.42 0.503266

0.366667 0.747731

0.413333 0.42912

0.386667 1.01323

0.386667 1.02897
0.354286 0.245174

0.417143 0.431287

0.377143 0.759828

0.428571 0.556196

0.44 0.711605

0.411429 0.349306

0.348571 0.362831

0.4 0.19818

0.371429 0.705309

0.36 0.567088
0.385 0.529699

0.395 1

0.365 0.475303

0.42 0.413933

0.425 0.498212

0.435 0.633831

0.365 0.433962

0.425 0.482705

0.35 0.278522

0.36 0.424826
