18 0 0 0 0 11 0 18 0 4 0 0 11 3 0 0 0 0 0 6 18 0 0 18 21 0 0 0 0 0 18 0 0 3 18 0 11 0 0 11 0 0 0 0 0 0 0 21 0 4 0 6 0 0 0 6 11 0 0 0 0 0 0 0 0 0 0 0 21 0 0 12 4 0 0 0 18 0 12 0 0 0 0 6 0 6 18 0 0 0 4 0 18 0 0 0 0 0 0 0 18 0 0 0 0 0 0 0 0 0 0 0 11 11 0 0 0 0 21 6 18 0 0 21 21 0 6 0 0 0 18 0 0 0 18 0 21 0 0 11 6 0 0 0 0 0 0 0 0 0 0 18 0 0 0 0 18 0 0 6 0 0 0 3 0 0 0 0 21 0 6 0 21 0 0 0 18 0 0 0 0 0 0 6 0 0 18 12 0 0 0 0 6 0 0 6 0 0 0 0
0 0 0 0 0 11 18 6 0 5 0 0 6 3 0 0 0 0 21 18 6 0 0 6 0 0 0 0 0 0 6 0 18 3 6 0 11 0 0 0 0 11 0 0 0 0 0 0 11 11 0 18 0 6 0 18 11 0 0 0 0 11 0 0 0 0 0 0 0 0 0 11 5 3 0 0 6 0 11 0 0 0 0 18 0 0 11 0 0 0 5 0 0 0 0 18 6 0 0 0 11 0 0 0 0 0 0 6 0 0 0 0 6 3 0 0 0 0 21 0 18 0 0 6 0 0 0 0 0 0 6 0 0 21 6 0 3 0 3 0 0 0 0 3 6 6 0 5 0 0 18 21 0 6 0 6 11 0 0 0 0 11 0 0 0 0 0 0 0 0 0 6 5 0 0 0 6 0 0 0 6 0 0 18 0 3 11 0 0 0 5 6 0 0 0 0 0 3 0 0
0 0 0 0 0 3 0 0 0 5 0 0 5 5 0 0 0 0 5 18 5 0 0 5 10 0 0 0 0 10 5 0 18 3 5 0 10 10 0 0 0 0 0 0 0 0 0 0 10 3 0 18 0 5 0 18 10 0 0 0 0 0 0 0 0 0 0 0 0 0 0 10 6 0 0 0 5 0 0 0 18 0 0 18 0 0 10 0 0 0 6 0 0 0 0 0 0 0 0 0 0 0 0 0 0 0 0 0 0 0 0 0 5 3 0 0 0 0 5 18 3 0 0 10 10 0 0 0 0 0 0 0 0 0 5 0 10 0 0 10 0 0 0 0 0 0 3 0 10 0 0 0 0 0 0 0 10 0 0 0 0 0 0 0 0 0 0 0 0 0 0 5 0 0 0 0 5 0 0 0 0 0 0 0 0 0 10 0 0 0 0 0 0 0 0 5 0 0 0 0
0 0 0 0 0 10 0 0 0 5 0 0 0 5 0 0 0 0 5 0 5 0 0 0 0 0 0 0 0 3 5 0 18 10 5 0 0 5 0 0 0 0 0 0 0 0 0 0 3 0 0 0 0 5 0 0 5 0 0 3 0 0 0 0 0 0 0 0 5 0 5 3 5 0 0 0 5 0 0 0 0 0 0 0 0 0 0 0 0 3 3 0 0 0 0 0 0 0 0 0 0 0 0 0 0 10 0 5 0 0 0 0 5 5 0 0 0 0 5 0 5 0 10 3 3 0 0 3 0 0 5 0 0 0 5 0 5 0 0 0 0 0 0 0 0 0 0 0 0 5 0 0 0 5 0 0 0 5 0 3 0 0 0 0 0 0 0 10 0 5 0 5 5 0 0 0 5 0 0 10 0 0 0 3 0 0 3 0 0 3 0 0 0 0 5 0 0 0 0 0
0 0 0 0 0 3 0 0 0 0 0 10 0 5 0 0 0 0 5 0 5 0 0 0 0 0 0 0 0 3 5 0 0 10 0 0 0 0 0 0 0 0 0 10 0 0 0 0 0 0 0 0 0 0 0 0 5 0 0 3 0 0 0 0 0 0 0 0 5 0 0 3 0 0 0 0 5 0 3 0 0 0 0 0 0 0 0 0 0 3 3 0 0 0 0 0 5 0 0 0 0 0 0 0 0 0 0 0 0 0 0 0 0 5 0 0 0 5 5 0 5 0 0 0 0 0 10 0 0 3 3 0 0 0 5 0 0 0 0 0 0 0 0 0 0 0 0 5 0 0 0 0 0 5 0 0 0 0 0 0 0 0 0 0 0 0 0 0 0 0 0 5 0 0 0 0 5 0 0 0 5 0 0 0 0 0 0 0 0 0 0 3 0 0 0 0 5 0 0 0
0 0 0 0 0 3 0 0 0 3 0 0 0 4 0 0 0 0 4 0 4 0 0 0 0 0 0 4 0 0 0 0 0 10 0 0 0 0 0 0 0 0 0 0 0 0 0 4 0 0 0 0 0 0 0 0 4 0 0 0 0 0 0 0 0 0 0 0 4 0 0 3 0 0 0 0 4 0 0 0 0 0 0 0 0 0 0 4 0 3 3 0 0 0 0 0 0 0 0 0 0 0 0 0 0 0 0 0 0 4 0 0 0 4 3 0 0 0 4 0 4 0 0 0 4 0 0 0 0 0 3 0 3 0 0 0 0 0 0 0 0 0 3 0 0 0 0 0 0 0 0 3 0 0 0 0 0 0 0 0 0 0 3 0 0 0 0 0 4 0 0 4 0 0 0 0 0 0 0 0 0 3 0 0 0 0 0 3 0 3 3 0 0 0 0 0 4 0 0 0
0 0 0 0 0 3 0 0 0 3 0 0 0 4 0 0 0 0 4 0 4 0 0 0 0 0 0 4 0 3 0 0 0 3 0 0 0 0 0 4 0 0 0 0 0 0 0 4 0 0 0 0 0 0 0 0 4 0 0 0 0 0 0 0 0 0 0 0 4 0 0 3 0 0 0 0 4 0 0 0 0 0 0 0 0 0 0 0 0 0 4 0 0 0 0 0 0 0 0 0 0 0 0 0 0 0 0 0 0 0 0 0 0 4 0 0 0 0 4 0 0 0 0 3 0 0 0 0 0 0 4 0 0 0 0 0 0 0 4 0 0 0 0 0 0 0 0 4 0 0 0 0 0 0 4 0 4 0 0 0 0 0 0 0 0 0 0 0 4 0 0 3 0 0 0 0 4 0 0 0 0 0 0 0 0 0 0 0 0 0 4 0 0 0 0 0 0 0 0 0
0 0 0 0 0 3 0 0 0 3 0 0 0 4 4 0 0 0 4 0 0 0 0 0 0 0 0 0 0 0 0 0 0 0 0 0 0 0 0 0 0 0 0 0 0 0 0 0 0 0 0 0 0 0 0 0 4 0 0 0 0 0 0 0 0 0 0 0 4 0 0 4 3 0 0 0 4 0 0 0 0 0 0 0 0 0 0 4 0 0 3 0 0 0 0 0 0 0 0 0 0 0 0 0 0 0 0 0 0 0 0 0 0 4 0 0 0 0 0 0 0 0 0 0 0 0 0 0 0 0 0 0 0 0 0 0 0 0 0 0 0 3 0 0 0 0 0 4 0 0 0 0 0 0 0 0 0 0 0 0 0 0 0 0 0 0 0 3 4 0 0 0 3 0 0 0 4 0 0 0 0 0 0 0 0 0 0 0 0 0 0 0 0 0 0 0 0 0 0 0
0 0 0 0 0 0 0 0 0 0 0 0 0 4 0 0 0 0 4 0 4 0 0 4 0 0 0 0 0 0 0 0 0 4 0 0 0 4 0 0 0 0 0 0 0 0 0 0 0 0 0 0 0 0 0 0 0 0 0 0 0 0 0 0 0 0 0 0 3 0 0 0 0 0 0 0 0 0 0 0 0 0 0 0 0 0 0 4 0 0 0 0 0 0 0 0 0 0 0 0 0 0 0 0 0 0 3 0 0 0 0 0 0 0 0 0 0 0 4 0 0 0 0 0 0 0 0 0 0 0 0 3 0 0 0 0 0 0 0 3 0 0 0 0 0 0 0 0 0 0 0 0 0 0 0 0 0 0 0 0 0 0 0 0 0 4 0 0 3 0 0 4 3 0 0 0 0 0 0 0 0 0 0 0 0 0 0 0 0 0 0 0 3 3 0 0 0 0 0 0
0 0 0 0 0 0 0 0 0 0 0 0 0 4 0 0 0 0 0 0 4 0 0 0 0 0 0 0 0 0 0 0 0 0 0 0 0 4 0 0 0 0 0 0 0 0 0 0 0 0 0 0 0 0 0 0 0 0 0 0 0 0 0 0 0 0 0 0 0 0 0 4 0 0 0 0 0 0 0 0 0 0 0 0 0 0 0 4 0 0 0 0 0 0 0 0 0 0 0 0 0 0 0 0 0 0 0 0 0 0 0 0 0 4 0 0 0 0 0 0 4 0 0 0 0 0 0 0 0 0 0 0 0 0 0 0 0 0 0 0 0 0 0 0 0 0 0 0 0 0 0 0 0 0 0 0 0 0 0 0 0 0 0 0 0 0 0 0 0 0 0 0 0 0 0 0 0 0 0 0 0 0 0 0 0 0 0 0 0 0 0 0 0 0 0 0 0 0 0 0
