0.865721 0.717925 0.999509 0.394089 0.849085 0.787048 0.79351
0.865721 0.717925 0.999509 0.394089 0.849085 0.787048 0.79351
0.865721 0.717925 0.999509 0.394089 0.849085 0.787048 0.893219
0.865721 0.717925 0.999509 0.394089 0.849085 0.787048 0.893219
0.865721 0.717925 0.999509 0.394089 0.849085 0.766662 0.893219
0.865721 0.511717 0.999509 0.394089 0.849085 0.766662 0.893219
0.865721 0.702326 0.999509 0.394089 0.849085 0.766662 0.893219
0.865721 0.702326 0.999509 0.394089 0.849085 0.766662 0.893219
0.937521 0.702326 0.999509 0.394089 0.849085 0.766662 0.893219
0.937521 0.702326 0.999509 0.394089 0.849085 0.766662 0.842932
