2.16738 2.63316 0.866611 0.225686 -3.68626 -1.5973 0.364383 4.01501 2.99996 3.36334 -2.46625 -1.37768 0.761843 4.13482 3.24629 0.576378 -2.61144 -1.78287 -4.55089 -0.871786 1.32182 -3.13058 -1.26728 1.0191 -4.59205 2.06067 -0.325163 0.275682 -0.164269 -3.41841 2.71365 -1.94913 1.93341 3.04891 1.12349 -0.0928124 -1.68299 1.04998 2.6953 1.58984 3.85735 0.519918 -3.07867 1.4051 1.0104 -0.96918 0.497663 1.21174 -0.0593824 -0.312999 0.132441 4.24024 0.643088 0.222917 6.21358 0.336385 -0.437912 1.19128 0.36902 -5.18259 3.56721 -0.987952 2.68831 7.06479 2.96035 0.583303
1.39583 0.253313 2.63316 3.0567 -1.64922 -1.39467 0.364383 4.01501 -0.235391 -5.31737 -3.41457 -1.37768 0.761843 1.16822 -3.90226 0.576378 0.184623 -1.78287 -1.59871 -3.21201 -7.20758 2.51545 2.71822 -3.08968 2.37637 -0.851737 -0.380299 1.31735 -3.44181 2.56886 -2.28226 0.742839 1.29109 -2.00897 0.220991 3.42558 0.862378 -2.92219 -1.01051 -0.146865 -3.07308 -3.70857 1.3486 1.72083 3.11741 -0.564731 -0.701001 -2.30279 4.6792 -1.07845 4.66155 0.355624 1.43467 -3.54593 -1.05016 0.058415 -1.85085 2.88174 1.68693 3.5098 -0.0663635 1.56175 -1.10012 1.37446 -0.311819 2.77636
1.39583 -1.3823 2.13942 3.0567 -1.64922 -5.41193 0.364383 4.01501 -2.67441 -7.63738 0.761843 -1.1014 -2.54405 1.16822 -3.90226 0.576378 0.184623 -1.78287 -1.48392 -0.665401 0.89845 1.63543 -3.52734 5.22141 -0.142375 -1.55116 1.12834 -1.16915 1.76046 4.01278 -0.492969 4.71786 -1.29408 -2.44185 -2.35547 -4.78745 2.33568 1.28275 -0.523754 -3.26249 0.640553 2.63668 -1.08145 0.947726 0.386985 0.401975 4.48789 -2.35343 1.1995 -2.39664 -4.32976 1.60532 -2.09031 -2.73838 -3.10316 1.00699 1.54785 3.48662 -1.35178 2.44224 -0.405523 5.93208 -2.0825 -0.128526 -2.13319 -1.55099
1.39583 -1.3823 -1.67999 3.0567 -1.36944 1.95795 -5.41193 4.01501 -6.1106 -1.46348 0.761843 -1.1014 -2.54405 1.16822 -0.762112 0.576378 0.280618 -1.78287 -4.74167 -1.49742 2.26319 -1.3953 0.118833 -1.67151 -0.350259 -1.89166 2.8631 -4.02298 -2.6138 -1.71196 1.43025 -0.402987 -0.320296 -1.59054 -7.43168 -1.78696 -11.3629 5.97896 -2.41203 2.38744 -2.9069 -1.22565 -0.162933 -3.03225 4.94857 -0.938683 4.23686 -0.270251 0.00134163 4.79308 1.1775 0.146674 -3.23262 0.626224 2.21017 1.44807 2.54103 -1.29403 4.09243 -0.929917 1.06991 1.31694 1.8201 -0.30045 -5.66829 -1.08317
1.39583 -2.00797 -1.67999 1.30574 3.0567 5.51252 -5.41193 4.01501 -6.13948 0.761843 -6.9283 -1.1014 0.403228 1.84294 -0.762112 0.576378 -0.951905 -1.78287 -2.61361 2.31029 1.53237 7.19474 2.05381 0.927531 0.00789899 0.263318 -2.49413 1.00617 -2.44923 -0.835997 -0.0521549 -2.82684 0.508317 -3.91249 1.97635 4.01709 4.78359 -0.539909 3.52668 1.08441 0.0757542 0.706107 0.345605 2.79213 -2.86896 -2.46968 -0.284626 0.53742 -4.62223 -1.10376 -1.02162 -1.76427 -0.781879 -5.11648 3.22063 -2.66112 3.25735 0.751796 -0.737822 0.0869489 -1.58013 1.05561 -3.02374 -3.01253 1.26915 5.36294
1.39583 -2.00797 -1.67999 -1.98656 4.36067 -0.747675 2.12492 4.01501 -0.399067 0.761843 -4.93739 0.718123 -0.31431 -0.762112 1.84294 0.576378 -0.672773 -1.78287 -3.86488 -3.40321 -2.65328 -1.92151 -3.45175 1.03388 0.119008 2.1563 0.715097 3.87401 2.31076 -0.038442 -0.0304926 0.968467 -0.996475 -2.30739 5.49773 1.16155 1.64369 -3.90232 6.03051 -5.10343 0.745279 0.554103 -2.17453 -1.82484 2.26452 -2.67398 0.486783 -4.53321 1.62822 -1.01829 -2.43869 2.10828 -0.0955394 2.33082 -3.37582 -0.884183 4.42573 4.16992 -0.150723 -0.0515842 -1.77987 -4.17564 -4.14032 -8.10503 6.22765 2.47987
-0.0893103 3.89021 -4.92585 -1.98656 3.86578 -0.747675 1.3892 2.12492 -0.399067 0.761843 -4.43886 0.718123 6.99405 -0.762112 0.623948 0.576378 -0.672773 -1.70456 -3.4155 -3.80741 -3.2722 -2.28861 0.454637 -2.11159 -2.42303 -0.818505 -0.342134 2.1022 -0.466131 -2.70832 4.3365 -2.44013 2.65051 -1.88793 1.0251 -1.04051 0.821254 2.35951 -0.427966 0.536413 1.64821 -0.991934 3.06216 -1.49051 -4.36998 -2.91382 -0.685859 1.41805 -2.38065 3.85132 -0.290819 -1.22497 0.971784 0.464289 -3.13431 -0.00666739 1.41597 2.67696 -2.70333 1.91555 -2.10797 -1.00036 0.945639 -0.496516 1.29592 0.479901
-0.0893103 3.89021 -6.58712 -1.98656 -0.747675 -3.24454 1.3892 1.68581 -0.399067 0.761843 -3.27216 0.718123 6.99405 -0.762112 2.91614 0.576378 1.69771 -1.70456 0.934727 -0.018345 -3.94554 0.00851786 2.96322 9.31401 -0.152086 -1.7744 -3.78172 1.97719 -2.46989 3.54229 4.75954 2.59807 3.08264 -1.62868 -0.150794 1.75412 -0.769363 -1.86696 -2.31289 -0.239764 2.01927 -0.894619 0.823357 3.18522 2.36562 2.27231 2.6498 2.48429 -2.93183 2.35955 0.237967 -1.77852 0.933467 1.87265 -0.108681 6.97023 -1.68649 2.43968 -3.4414 1.45904 -0.0488864 -2.03403 6.63354 0.467114 -2.72183 0.316925
0.937726 4.15422 2.99974 -0.0628426 -0.747675 -3.92206 1.3892 3.16703 -4.78159 0.761843 -4.00266 -2.95708 11.4975 1.60703 -1.98432 0.576378 3.52835 -1.70456 1.30688 -0.571479 4.37362 0.364204 -0.846928 1.97369 0.948921 -2.60283 1.17747 -3.51409 2.6966 1.23659 -0.505286 0.863819 2.73463 -1.03189 -7.44067 0.41493 -0.116906 -0.0240808 2.41107 1.111 -0.545787 -0.3517 -0.950782 2.43789 0.739591 -1.92387 -3.07018 -3.92812 -3.27299 5.13754 -0.297451 3.15428 -1.88366 -0.412681 6.85178 -2.63271 0.460901 1.20656 4.09297 -2.81853 0.638342 0.136098 -7.87281 2.76401 -1.20735 -1.43166
0.937726 4.15422 -0.276708 -0.0628426 0.291869 -0.493272 2.09702 -0.859062 -1.10775 0.761843 -4.00266 -1.05015 6.66753 1.60703 -1.98432 0.576378 -1.70456 0.715312 -5.50045 2.40833 -1.77567 7.28604 0.39164 1.60402 -3.83595 1.24652 -0.745495 1.52535 -0.755059 -3.82112 5.37205 2.82855 0.440869 1.88231 1.52858 -3.98527 -1.84159 -2.18972 1.77371 1.21625 1.89457 -1.10219 -0.709138 6.56203 0.21234 2.35954 0.931175 -0.535925 1.14952 -2.69856 -5.03135 -3.22942 4.69071 1.07433 -2.14622 -0.224427 -0.24244 0.543581 3.28636 2.91854 -1.13725 -2.16242 11.3359 0.00114277 4.96791 6.38854
