0.106494 0.487468 -0.243436 0.386572 0.239478 -0.617676 -0.31626 -0.0417944 -0.229216 -0.105832
0.106494 0.487468 -0.243436 0.402486 0.239478 -0.302986 -0.31626 -0.0417944 -0.229216 -0.105832
0.106494 0.487468 -0.243436 0.465497 0.269928 -0.302986 -0.31626 -0.0417944 -0.229216 -0.105832
0.11094 0.487468 -0.243436 0.465497 0.269928 -0.0280939 -0.31626 -0.0417944 -0.229216 -0.0720747
0.205452 0.487468 -0.243436 0.465497 0.269928 -0.0280939 -0.31626 -0.0417944 -0.229216 -0.0720747
0.205452 0.487468 -0.243436 0.465497 0.269928 -0.0280939 -0.426026 -0.0417944 -0.229216 -0.0720747
0.205452 0.487468 -0.243436 0.465497 0.278835 -0.0280939 -0.426026 -0.0417944 -0.229216 -0.0720747
0.205452 0.487468 -0.243436 0.465497 0.278835 -0.0280939 -0.426026 -0.0417944 -0.229216 -0.0720747
0.205452 0.487468 -0.243436 0.465497 0.278835 -0.0280939 -0.426026 -0.0417944 -0.229216 -0.0720747
0.205452 0.487468 -0.243436 0.465497 0.278835 -0.0280939 -0.426026 -0.0417944 -0.229216 -0.0720747
