-0.160032 0.767972 -1.78672 -0.928159 -0.459116 -0.629755 -0.560985 -0.862676 1.61247 -0.479397
-0.160032 0.718812 -1.78672 -0.928159 -0.459116 -0.629755 -0.560985 -0.798991 1.61247 -0.303793
-0.160032 0.677338 -1.78672 -0.904139 -0.459116 -0.629755 -0.541028 -0.853107 1.61247 -0.15261
-0.160032 0.677338 -1.78672 -0.837556 -0.217472 -0.623594 -0.541028 -0.898472 1.61247 -0.213244
-0.160032 0.69603 -1.78672 -0.837556 -0.21425 -0.623594 -0.541028 -0.973625 1.61247 -0.213244
-0.160032 0.40969 -1.78672 -0.967943 -0.21425 -0.623594 -0.541028 -0.833569 1.61247 -0.213244
-0.160032 0.593454 -1.79583 -0.967943 -0.21425 -0.623594 -0.708608 -0.842625 1.61247 -0.213244
-0.160032 0.436422 -1.76869 -0.967943 -0.21425 -0.623594 -0.667884 -0.822384 1.61247 -0.213244
-0.160032 -0.0900558 -2.10197 -1.05948 -0.21425 -0.623594 -0.667884 -0.931055 1.61247 -0.213244
-0.224448 -0.0900558 -2.10197 -1.01394 -0.21425 -0.571664 -0.667884 -1.08128 1.63674 -0.213244
-0.315976 -0.0900558 -2.10197 -0.790909 0.0489777 -0.382665 -0.667884 -1.06541 1.63674 -0.05151
-0.315976 -0.0900558 -2.10197 -0.83336 0.0489777 -0.213393 -0.667884 -1.11414 1.63674 -0.164851
-0.315976 -0.0900558 -1.89728 -1.10615 0.0489777 -0.213393 -0.667884 -1.11414 1.63674 -0.164851
-0.43715 -0.0900558 -2.14749 -0.918678 0.0489777 -0.544624 -0.576333 -1.11414 1.63674 -0.345449
-0.43715 -0.0900558 -1.8818 -0.834935 -0.411122 -0.544624 -0.506255 -0.811322 1.63674 -0.345449
-0.43715 -0.0900558 -1.95956 -0.834935 -0.411122 -0.544624 -0.506255 -0.811322 1.63674 -0.345449
-0.43715 -0.182297 -1.78399 -0.834935 -0.202873 -0.544624 -0.506255 -0.859309 1.63674 -0.345449
-0.43715 -0.236186 -1.78399 -0.834935 -0.202873 -0.544624 -0.506255 -0.859309 1.63674 -0.345449
-0.43861 0.171077 -1.86901 -0.834935 -0.202873 -0.544624 -0.506255 -0.775654 1.63674 -0.345449
-0.43861 0.416619 -1.93974 -0.834935 -0.202873 -0.49333 -0.611357 -0.832563 1.63674 -0.0530028
-0.43861 0.416619 -1.98204 -0.834935 -0.202873 -0.461767 -0.611357 -0.727102 1.85915 -0.0530028
-0.43861 0.495903 -2.02352 -0.834935 -0.119358 -0.458471 -0.611357 -0.773067 1.85915 -0.475621
-0.450502 0.495903 -2.02352 -0.834935 -0.119358 -0.458471 -0.611357 -0.585807 1.68743 -0.475621
-0.450502 0.444974 -1.99032 -0.731145 -0.119358 -0.700576 -0.611357 -0.397791 1.68743 -0.475621
-0.450502 0.711005 -1.85954 -0.706701 -0.119358 -0.700576 -0.611357 -0.428538 1.68743 -0.499068
-0.450502 0.711005 -1.85954 -0.601263 -0.119358 -0.700576 -0.611357 -0.428538 1.6548 -0.499068
-0.450502 0.621655 -1.85954 -0.646815 -0.0574956 -0.68879 -0.572615 -0.428538 1.65485 -0.438269
-0.450502 0.621655 -1.85954 -0.80296 -0.0574956 -0.68879 -0.572615 -0.428538 1.43144 -0.383356
-0.376153 0.621655 -1.85954 -0.80296 0.0606051 -0.614008 -0.772222 -0.428538 1.39026 -0.37815
-0.276579 0.621655 -2.00889 -0.80296 0.0606051 -0.331104 -0.21881 -0.428538 1.45238 -0.57115
-0.276579 0.621655 -2.00889 -0.843938 0.0525495 -0.632905 -0.887062 -0.428538 1.38721 -0.293907
-0.276579 0.621655 -2.00889 -0.843938 0.0525495 -0.590168 -0.873998 -0.428538 1.48423 -0.247679
-0.254547 0.621655 -1.74621 -0.843938 -0.18474 -0.643122 -0.873998 -0.428538 1.48423 -0.17642
-0.260256 0.699108 -1.74621 -0.843938 -0.156583 -0.568338 -0.873998 -0.428538 1.60175 -0.325162
-0.379327 0.699108 -1.74621 -0.843938 0.0656131 -0.568338 -0.873998 -0.428538 1.62772 -0.242257
-0.436316 0.699108 -1.74621 -0.843938 0.0656131 -0.456464 -0.873998 -0.428538 1.78314 -0.258422
-0.371154 0.508074 -1.74621 -0.843938 -0.0996567 -0.456464 -0.696649 -0.428538 1.85814 -0.544136
-0.371154 0.718506 -1.74621 -0.510157 -0.156001 -0.456464 -0.696649 -0.428538 1.68311 -0.557994
-0.371154 0.718506 -1.74621 -0.510157 0.000200079 -0.456464 -1.03783 -0.294253 1.36849 -0.573299
-0.231542 0.265376 -1.74621 -0.561481 0.0978417 -0.456464 -0.811727 -0.294253 1.28804 -0.529881
-0.231542 0.265376 -1.74621 -0.859824 0.0978417 -0.492463 -0.811727 -0.294253 1.35041 -0.591378
-0.231542 0.5739 -1.74621 -0.859824 0.0912102 -0.492463 -0.811727 -0.827309 1.35041 -0.730766
-0.454465 0.677564 -1.74621 -0.859824 0.109325 -0.422821 -0.811727 -0.827309 1.80711 -0.526559
-0.289841 0.677564 -1.74621 -0.859824 0.109325 -0.543155 -0.811727 -0.827309 1.60737 -0.202009
-0.487484 0.677564 -1.62808 -0.859824 -0.132573 -0.382788 -0.811727 -0.757793 1.49172 -0.202009
-0.487484 0.510893 -1.78636 -0.859824 0.0575104 -0.607375 -0.811727 -0.757793 1.49172 -0.202009
-0.487484 0.510893 -1.78636 -0.859824 -0.147321 -0.607375 -0.811727 -0.757793 1.49172 0.00608567
-0.487484 0.510893 -1.83461 -0.859824 -0.147321 -0.607375 -0.811727 -0.757793 1.49172 -0.0366681
-0.601944 0.510893 -1.83461 -0.841648 -0.147321 -0.607375 -0.811727 -0.757793 1.43379 -0.0366681
-0.370259 0.510893 -1.67423 -1.24408 -0.147321 -0.317631 -0.811727 -0.757793 1.46498 -0.432083
-0.370259 0.698973 -1.67423 -1.24408 -0.232207 -0.295403 -0.811727 -0.757793 1.67019 -0.432083
-0.836924 0.698973 -1.67423 -1.24408 0.118059 -0.295403 -0.811727 -0.775577 1.58469 -0.432083
-0.679236 0.601183 -1.82557 -1.24408 0.156866 -0.440417 -0.900564 -0.775577 1.58469 -0.432083
-0.679236 0.920839 -1.6903 -0.886293 0.156866 -0.440417 -0.900564 -0.775577 1.58469 -0.432083
-0.830734 0.920839 -1.6903 -1.01002 0.156866 -0.440417 -0.686432 -0.775577 1.58469 -0.646315
-0.830734 0.485788 -1.74527 -1.06101 0.156866 -0.0361241 -0.84259 -0.775577 1.58469 -0.646315
-0.830734 0.530659 -1.71348 -1.02082 0.156866 -0.354603 -0.84259 -0.775577 1.58469 -0.646315
-0.766941 0.545185 -1.85055 -1.01323 0.10326 -0.354603 -0.608566 -0.775577 1.58469 -0.319165
-0.767709 0.547257 -1.87466 -1.01323 0.155798 -0.370937 -0.608566 -0.792113 1.58469 -0.319165
-0.767709 0.495056 -1.97142 -0.642469 0.155798 -0.370937 -0.608566 -0.792113 1.58469 -0.319165
-0.713828 0.675704 -1.93345 -0.642469 0.29577 -0.322248 -0.608566 -0.792113 1.58469 -0.319165
-0.713828 0.675704 -1.98722 -0.642469 0.29577 -0.322248 -0.608566 -0.792113 1.58469 -0.319165
-0.713828 0.471333 -1.82881 -0.755763 0.0631003 -0.322248 -0.608566 -0.752827 1.58469 -0.319165
-0.713828 0.471333 -1.83903 -0.938499 0.0631003 -0.322248 -0.608566 -0.752827 1.05345 -0.319165
-0.443078 0.471333 -1.8389 -0.964207 0.211234 -0.303762 -0.608566 -0.752827 1.05345 -0.319165
-0.443078 0.471333 -1.99611 -0.964207 -0.391014 -0.303762 -0.608566 -0.752827 1.70848 -0.319165
-0.443078 0.471333 -1.99611 -0.964207 -0.391014 -0.309218 -0.608566 -0.686844 1.82579 -0.319165
-0.349368 0.471333 -1.93841 -0.742722 -0.391014 -0.309218 -0.608566 -0.686844 1.82579 -0.319165
-0.349368 0.471333 -1.93841 -0.742722 -0.391014 -0.471235 -0.608566 -0.686844 1.82579 -0.285722
-0.349368 0.471333 -1.93841 -0.742722 -0.338902 -0.471235 -0.799208 -0.802462 1.82579 -0.285722
-0.349368 0.669303 -1.68888 -0.742722 -0.338902 -0.471235 -0.638416 -0.802462 1.82579 -0.285722
-0.690619 0.669303 -1.91825 -0.596605 -0.338902 -0.471235 -0.638416 -0.467448 1.81391 -0.285722
-0.690619 0.669303 -1.88004 -0.598703 -0.553191 -0.471235 -0.638416 -0.399484 1.81391 -0.285722
-0.690619 0.880738 -1.88004 -0.598703 -0.479436 -0.471235 -0.638416 -0.280033 1.81391 -0.233974
-0.690619 0.862551 -1.91272 -0.72092 -0.29186 -0.471235 -0.638416 -0.280033 1.72967 -0.0258156
-0.763408 0.862551 -1.91272 -0.863457 -0.29186 -0.471235 -0.608471 -0.280033 1.6335 -0.00724614
-0.65725 0.862551 -1.91272 -0.863457 -0.206407 -0.471235 -0.608471 -0.267396 1.6335 -0.00724614
-0.23636 0.862551 -1.91272 -0.860903 -0.206407 -0.471235 -0.608471 -0.267396 1.6335 -0.404478
-0.348897 0.862551 -2.22904 -0.860903 -0.206407 -0.471235 -0.763581 -0.267396 1.6335 -0.404478
-0.348897 0.862551 -2.22904 -1.17128 -0.245646 -0.557519 -0.310807 -0.243422 1.6335 -0.404478
-0.281281 0.862551 -2.20414 -1.17128 -0.245646 -0.754507 -0.310807 -0.142709 1.6335 -0.462878
-0.281281 0.862551 -2.20414 -1.17128 -0.245646 -0.754507 -0.310807 -0.132948 1.6335 -0.462878
-0.281281 0.862551 -2.20414 -1.17128 -0.245646 -0.754507 -0.310807 -0.401192 1.6335 -0.462878
-0.213472 0.701109 -2.20414 -1.17128 -0.245646 -0.616773 -0.497424 -0.416474 1.6335 -0.462878
-0.213472 0.701109 -2.20414 -1.17128 -0.245646 -0.616773 -0.508998 -0.297698 1.6335 -0.462878
-0.258342 0.701109 -2.20414 -1.08194 -0.400001 -0.719946 -0.558005 -0.600238 1.6335 -0.462878
-0.484125 0.701109 -1.95644 -1.08194 -0.0141041 -0.345854 -0.558005 -0.560947 1.27921 -0.462878
-0.404366 0.701109 -1.95644 -0.585015 -0.0141041 -0.226277 -0.555235 -0.484392 1.27921 -0.395838
-0.384896 0.458372 -1.95644 -0.585015 -0.0141041 -0.308526 -0.383417 -0.656818 1.27921 -0.395838
-0.384896 0.458372 -2.36406 -0.792376 -0.0141041 -0.308526 -0.383417 -0.656818 1.27921 -0.39037
-0.384896 0.379406 -2.36406 -1.20859 0.017455 -0.308526 -0.383417 -0.656818 1.27921 -0.39037
-0.159306 0.379406 -2.16328 -1.20859 -0.0156026 -0.578181 -0.73281 -0.609365 1.27921 -0.208269
0.129916 0.379406 -2.16328 -1.07066 0.134615 -0.378735 -0.73281 -0.609365 1.35925 -0.532219
0.129916 0.741005 -2.16328 -1.07066 0.134615 -0.820782 -0.73281 -0.504985 1.35925 -0.532219
0.204524 0.741005 -2.14947 -1.07066 0.134615 -0.820782 -0.7196 -0.504985 1.35925 -0.191611
0.204524 0.921456 -2.14947 -1.07066 0.134615 -0.805513 -0.79853 -0.504985 1.35925 -0.191611
-0.109607 0.921456 -2.14947 -1.07066 0.134615 -0.813349 -0.79853 -0.489809 1.35925 -0.191611
-0.313937 0.471836 -1.92278 -1.07066 0.134615 -0.59279 -0.79853 -0.489809 1.35925 -0.191611
-0.313937 0.471836 -1.92278 -1.07066 0.134615 -0.414517 -0.79853 -0.774846 1.19428 -0.523565
-0.313937 0.471836 -1.92278 -0.79943 -0.0478821 -0.232577 -0.554528 -0.774846 1.28193 -0.523565
