200
-0.160003 -0.5742754 -0.7080058 -0.2320136 -0.9219993 -0.03399539
-0.160003 1.341712 -1.522656 -0.2320136 0.6747593 3.272491
-0.160003 0.7886312 -0.6324014 -0.2320136 -0.218052 0.1444657
-0.160003 0.3200773 1.794767 -0.2320136 0.2626925 -0.3686099
-0.160003 -0.171206 1.043058 -0.2320136 -0.2008825 -0.2636814
-0.1598444 0.418638 -0.2689755 -0.2320136 -0.6558729 -0.09100378
-0.160003 0.09560431 -0.7569566 -0.2320136 -0.9563382 -0.2322854
-0.160003 -1.260318 0.7017994 -0.2320136 -0.1837131 -0.9114289
-0.160003 -0.9167069 -0.1557882 -0.2320136 0.588912 -0.8420274
-0.160003 2.747886 0.2560212 -0.2320136 1.27569 0.1519015
-0.160003 -0.421704 -0.6044974 -0.2320136 0.05665918 -1.025446
-0.160003 -0.5792142 0.9483355 -0.2320136 0.1596759 -0.8172411
-0.160003 0.1133682 1.038681 -0.2320136 2.82094 1.366428
-0.160003 -0.7663704 -0.06387103 -0.2320136 -0.9391688 -0.5487233
11.46398 -1.043677 1.225899 -0.2320136 -0.1493742 -0.1975847
-0.160003 0.3200773 1.794767 -0.2320136 0.2626925 -0.3686099
-0.160003 2.104628 0.6036825 -0.2320136 0.7949454 -0.2657469
-0.160003 1.071859 -0.4440836 -0.2320136 0.1425064 -0.5600837
-0.160003 -0.1164071 0.721363 -0.2320136 -0.2953145 -0.8017497
2.020242 -0.2487875 -1.391631 -0.1273617 -0.9906771 0.1328988
0.5256266 -1.21122 -0.1591532 -0.2296821 -1.557269 -0.9938432
-0.160003 -0.7236436 0.7545507 -0.2320136 -0.2438062 -0.4764301
-0.160003 -0.7241915 0.5220245 -0.2320136 -0.7674743 -0.4479259
6.769759 -1.292976 0.1329413 1.450366 -0.4412548 -1.075018
-0.160003 -0.9615844 -1.033286 -0.2320136 -1.21388 -0.3008608
-0.160003 2.62733 -0.4971917 -0.2320136 1.035318 1.906149
-0.160003 -0.9236591 0.1614847 -0.2320136 -0.8876604 -0.7335875
-0.160003 2.4734 -0.209629 -0.2320136 1.224182 0.2262603
-0.160003 0.09560431 -0.7569566 -0.2320136 -0.9563382 -0.2322854
-0.160003 -0.9349495 -1.152278 -0.2320136 -0.9906771 -0.08604653
-0.160003 -1.375387 0.004172437 -0.2320136 -1.231049 -0.9213434
-0.160003 -0.4570215 -0.2119045 -0.2320136 0.125337 0.02549163
-0.160003 -1.169847 -0.6406067 -0.2320136 0.5545731 -0.9585228
-0.160003 -0.6864041 0.3927061 -0.2320136 -0.4927631 -0.4033106
-0.160003 -1.292976 0.1329413 -0.2320136 -0.4412548 -1.075018
-0.160003 1.344754 -0.07634782 -0.2320136 0.6232509 0.8954893
-0.160003 -1.207607 0.8799158 -0.2320136 -0.6558729 -0.8816854
-0.160003 0.1151326 -1.16704 -0.2320136 -1.231049 -0.6363014
-0.160003 -1.054732 -0.04004567 -0.2320136 1.103995 -0.5495495
-0.160003 -1.058985 0.5906562 -0.2320136 -0.4927631 -0.8358308
0.9272507 -0.4688104 0.725644 1.22075 -0.1150353 -0.499977
-0.160003 1.238112 -0.8692569 -0.2320136 0.09099807 1.589504
-0.160003 -0.4227108 -1.115639 -0.2320136 -1.265388 -0.8637154
-0.1473518 -0.6823003 -0.4654792 -0.03728152 -1.351236 -0.8098053
-0.160003 0.4212125 -1.053033 -0.2320136 -0.9391688 -0.5012163
-0.160003 -0.3318924 0.949666 -0.2320136 0.3657092 -0.3363877
-0.160003 -0.8795872 0.3487483 -0.2320136 1.138334 -0.7081816
-0.160003 -0.3307925 -0.8352399 -0.2320136 -1.385574 -0.8816854
1.581324 -1.922838 -0.5005954 0.4038463 -1.608777 -1.151856
-0.160003 0.743778 -0.694004 -0.2320136 0.005150834 0.6327549
-0.160003 -0.1441119 0.8657325 -0.2320136 -0.1665436 -0.3586954
-0.160003 0.1909087 1.182212 -0.2320136 1.550401 0.2299783
-0.160003 0.03291365 1.447636 -0.2320136 1.567571 0.4493366
-0.160003 -0.5792142 0.9483355 -0.2320136 0.1596759 -0.8172411
-0.160003 0.2533316 0.06600653 -0.2320136 -0.1150353 0.1915596
-0.160003 -0.1724384 1.314365 -0.2320136 2.116993 0.9723267
-0.160003 0.0994494 1.659259 -0.2320136 1.310029 0.1494229
-0.160003 2.4734 -0.209629 -0.2320136 1.224182 0.2262603
-0.160003 -0.6693744 0.3972379 -0.2320136 0.3485398 -0.3091228
-0.160003 0.09493772 1.231559 -0.2320136 1.89379 0.3551489
-0.160003 -0.1303326 1.928058 -0.2320136 0.3485398 -0.0934824
-0.160003 -0.6864041 0.3927061 -0.2320136 -0.4927631 -0.4033106
-0.160003 1.120979 -1.083646 -0.2320136 -0.7846437 0.6476267
2.13786 2.344459 -1.414319 5.596702 0.9151315 3.14856
-0.160003 0.2857588 -0.5765935 -0.2320136 0.1940148 -0.6610877
-0.160003 -0.9257151 0.3172768 -0.2320136 -0.7588896 -0.9139075
-0.160003 -0.5620595 -0.6199921 -0.2320136 -1.19671 -0.7583738
-0.160003 0.5431405 -0.8681287 -0.2320136 -0.1837131 1.292069
-0.160003 -1.056514 0.2679291 -0.2320136 -0.3038992 -1.086792
-0.160003 0.8041941 1.413629 -0.2320136 2.374535 0.6104473
-0.160003 -0.01160418 2.112384 -0.2320136 0.5030648 -0.2793793
-0.160003 0.1964015 -0.6353036 -0.2320136 -1.110863 -0.7974121
-0.160003 0.6801022 -1.129909 -0.2320136 0.279862 2.533861
-0.160003 0.5437587 -1.501386 -0.2320136 -0.5442715 1.487881
-0.160003 0.1909087 1.182212 -0.2320136 1.550401 0.2299783
-0.160003 -1.066583 -0.1689784 -0.2320136 -1.488591 -1.170445
-0.160003 -0.1303326 1.928058 -0.2320136 0.3485398 -0.0934824
0.05859523 1.170442 -1.592406 0.1821784 -0.5614409 0.4642084
-0.160003 -1.188431 0.3314505 -0.2320136 -0.5013479 -0.9684373
-0.160003 -0.9167069 -0.1557882 -0.2320136 0.588912 -0.8420274
-0.160003 1.163187 -1.15332 -0.2320136 0.2626925 -0.1083542
-0.160003 1.47961 -1.036275 -0.2320136 -0.4240853 -0.05630302
-0.09603003 -0.1798226 -0.3274927 0.752686 -0.8876604 -0.5383957
-0.160003 0.9389124 -0.8369273 -0.2320136 0.5030648 2.221554
-0.160003 -0.1724384 1.314365 -0.2320136 2.116993 0.9723267
-0.160003 0.09560431 -0.7569566 -0.2320136 -0.9563382 -0.2322854
-0.160003 0.1467987 -0.7546714 -0.2320136 0.7090982 2.76933
-0.160003 -1.043677 1.225899 -0.2320136 -0.1493742 -0.1975847
-0.160003 0.004624427 1.019995 -0.2320136 1.224182 0.3353199
-0.160003 -1.364093 -0.3996438 -0.2320136 -0.7674743 -1.17912
-0.1398071 0.09379287 -0.2317574 -0.2320136 -0.8018132 -0.1851916
-0.160003 -0.7907396 1.351805 -0.2320136 0.7262676 0.3941872
-0.1599396 -0.2421182 -0.3854604 -0.2320136 -0.1150353 -0.9969415
-0.160003 0.03291365 1.447636 -0.2320136 1.567571 0.4493366
0.08584829 0.5460007 -1.329228 0.7173605 -0.8876604 -0.1430549
-0.160003 -0.790361 -0.7858922 -0.2320136 -1.557269 -0.9225827
-0.160003 -1.556823 0.7557078 -0.2320136 -0.6987965 -0.58487
-0.1485567 0.5474336 1.63255 -0.2320136 2.992635 1.447603
-0.160003 -0.1164071 0.721363 -0.2320136 -0.2953145 -0.8017497
-0.160003 1.261071 -1.692403 -0.2320136 -0.09786585 1.468052
0.111667 1.97614 -1.539092 5.729173 -0.8189826 -0.03895264
-0.160003 0.5764786 -0.2748571 -0.2320136 0.1596759 1.078908
-0.160003 -0.4688104 0.725644 -0.2320136 -0.1150353 -0.499977
-0.160003 -0.421704 -0.6044974 -0.2320136 0.05665918 -1.025446
-0.160003 2.362734 -1.692982 -0.2320136 -0.02918806 1.23754
2.117779 -0.1541001 -1.826639 0.8984039 -0.7503048 0.141987
-0.160003 1.396031 0.8885358 -0.2320136 1.859451 -0.02903813
-0.160003 0.6113497 0.4596408 -0.2320136 0.8292843 0.4394221
-0.160003 1.254832 -1.638919 -0.2320136 -0.02918806 2.392579
-0.1536918 0.4212125 -1.053033 0.09121516 -0.9391688 -0.5012163
-0.160003 -0.4555709 0.914492 -0.2320136 1.447384 -0.2440589
-0.160003 -0.7339707 0.6088024 -0.2320136 0.4515565 -0.8345915
-0.160003 -1.395575 -0.2850679 -0.2320136 -1.21388 -0.8420274
-0.160003 0.9953944 -0.2805265 -0.2320136 0.7606065 1.90429
-0.160003 0.6020032 1.310971 -0.2320136 1.756434 0.07506415
-0.160003 1.785474 -1.609736 -0.2320136 -0.1322047 1.158224
-0.1598906 -0.3522226 1.256522 0.6864506 -0.1322047 -0.7180961
-0.160003 -0.1992238 1.124928 -0.2320136 0.279862 -0.2397213
-0.160003 0.1151326 -1.16704 -0.2320136 -1.231049 -0.6363014
-0.160003 -0.2230349 1.33253 -0.2320136 0.02232028 -0.6139938
-0.160003 -0.02836101 0.9808289 -0.2320136 0.4172176 -0.5768144
-0.160003 2.211021 -0.1892169 -0.2320136 0.6404204 1.770444
-0.160003 1.341712 -1.522656 -0.2320136 0.6747593 3.272491
-0.160003 0.6691396 0.3488158 -0.2320136 2.116993 -0.1752771
-0.160003 0.6955013 -0.5437047 -0.2320136 0.2111842 0.3030977
-0.160003 -1.802866 0.5532163 -0.2320136 -1.179541 -0.903993
-0.160003 -1.260318 0.7017994 -0.2320136 -0.1837131 -0.9114289
-0.160003 2.747886 0.2560212 -0.2320136 1.27569 0.1519015
-0.03090956 -0.05397611 1.50947 1.755048 0.03948973 -0.2750417
-0.160003 0.418638 -0.2689755 -0.2320136 -0.6558729 -0.09100378
-0.160003 -1.184628 0.6513429 -0.2320136 -0.4240853 -0.745361
-0.160003 0.9180166 -1.526031 -0.2320136 -1.076524 -0.09100378
-0.160003 -0.4261449 -0.9183153 -0.2320136 -1.505761 -0.9386938
-0.1572232 -0.4968998 -1.110606 -0.1141146 -1.162372 0.07506415
-0.1340696 0.6828304 1.861133 0.0920983 2.735093 0.9270918
0.5543141 -0.05397611 1.50947 8.687687 0.03948973 -0.2750417
-0.160003 0.5764786 -0.2748571 -0.2320136 0.1596759 1.078908
-0.160003 -0.06623915 -0.6270693 -0.2320136 -1.402744 -1.01801
-0.160003 -0.7139834 0.912959 -0.2320136 0.932301 -0.5247633
-0.160003 -1.301035 0.541887 -0.2320136 -0.4069159 -0.705703
-0.160003 0.9953944 -0.2805265 -0.2320136 0.7606065 1.90429
-0.160003 -0.8144973 0.9343546 -0.2320136 -0.04635751 -0.9461297
-0.160003 0.6567161 -1.304855 -0.1291279 -0.527102 0.6947206
-0.160003 -0.3971665 0.07411545 -0.2320136 -0.4755937 -0.157307
-0.160003 -0.2602244 0.1361038 -0.2320136 -0.4755937 -0.464037
-0.1541795 1.341712 -1.522656 -0.2305829 0.6747593 3.272491
-0.160003 1.662606 -0.1701644 -0.2320136 0.9666399 -0.4299559
-0.1591194 -0.3038855 0.2611315 -0.2320136 1.636248 -0.3363877
-0.160003 -1.330084 -0.3763776 -0.2320136 -1.316897 -0.7242927
-0.160003 1.217117 -1.46707 -0.2320136 -0.6301187 0.1940382
-0.160003 -0.155906 -1.017859 -0.2320136 -0.8533215 0.2650921
-0.160003 0.535544 -1.414039 -0.2320136 -0.870491 0.2144868
-0.1599962 0.6691396 0.3488158 -0.2320136 2.116993 -0.1752771
-0.160003 -0.6127942 -0.5935136 -0.2320136 -1.419913 -0.8637154
-0.160003 0.1467987 -0.7546714 -0.2320136 0.7090982 2.76933
0.01326909 -0.1992238 1.124928 1.282569 0.279862 -0.2397213
-0.160003 0.520988 1.515149 -0.2320136 1.516062 -0.03151676
-0.160003 -0.17419 -1.374063 -0.2320136 -1.093694 -0.005491189
-0.160003 -1.066583 -0.1689784 -0.2320136 -1.488591 -1.170445
-0.160003 2.323251 -1.637714 -0.2320136 0.2455231 1.911726
0.008965972 -0.7609283 -1.115417 2.920792 -1.402744 -0.5569854
-0.160003 -0.2602244 0.1361038 -0.2320136 -0.4755937 -0.464037
-0.160003 -0.171206 1.043058 -0.2320136 -0.2008825 -0.2636814
-0.160003 2.362734 -1.692982 -0.2320136 -0.02918806 1.23754
-0.160003 -1.37197 -0.1098055 -0.2320136 -0.4240853 -0.8345915
-0.160003 -1.525673 -0.3744958 -0.2320136 -1.437083 -0.7211944
-0.160003 -0.4838317 1.298484 -0.2320136 -0.08928113 -0.6239083
-0.160003 -1.005035 0.3705681 -0.2320136 -0.3554076 -0.8321129
0.2588335 -0.3396988 -0.9242258 4.492778 -0.9391688 -0.004251876
-0.1543229 -1.634472 0.1584636 -0.2320136 -1.368405 -0.9312579
-0.160003 0.3481887 -1.230735 -0.2320136 -0.5786104 0.4889947
-0.160003 -0.155906 -1.017859 -0.2320136 -0.8533215 0.2650921
-0.160003 -0.4218864 -0.6911789 -0.2320136 -0.6472882 -0.3140801
-0.1567613 -0.970901 -0.0281282 -0.1821163 -0.9649229 -1.166727
-0.160003 -0.7822251 0.9474001 -0.2320136 0.2455231 -0.6282459
-0.03435205 1.341712 -1.522656 -0.2320136 0.6747593 3.272491
-0.160003 -0.5742754 -0.7080058 -0.2320136 -0.9219993 -0.03399539
-0.160003 -0.01160418 2.112384 -0.2320136 0.5030648 -0.2793793
-0.160003 1.448875 -0.7555681 -0.2320136 0.7090982 1.646513
-0.1295943 -0.6594762 -1.097075 0.2360499 -1.299727 -0.5445923
-0.160003 -0.5492035 0.8594845 -0.2320136 -0.2008825 -0.4751908
-0.1600004 -1.169847 -0.6406067 -0.2320136 0.5545731 -0.9585228
-0.160003 0.5431405 -0.8681287 -0.2320136 -0.1837131 1.292069
0.141215 1.004283 -1.101793 3.097419 0.07382862 1.32677
-0.160003 -0.6693744 0.3972379 -0.2320136 0.3485398 -0.3091228
-0.160003 -0.3318924 0.949666 -0.2320136 0.3657092 -0.3363877
-0.1077919 -0.3038855 0.2611315 0.8100901 1.636248 -0.3363877
-0.160003 -0.4227622 1.286249 -0.2320136 -0.4498395 -0.6734808
-0.160003 1.299025 -1.224313 -0.2320136 0.2970314 1.894375
-0.160003 -1.556823 -0.4227877 -0.2320136 2.031146 -0.824677
-0.1517984 0.5277555 1.621761 -0.2093169 1.739265 0.2175851
-0.160003 0.3447131 1.749382 -0.2320136 0.8121149 0.427029
-0.1324631 -0.970901 -0.0281282 -0.2320136 -0.9649229 -1.166727
-0.160003 -1.802866 0.5532163 -0.2320136 -1.179541 -0.903993
-0.1531467 -0.7663704 -0.06387103 -0.1697523 -0.9391688 -0.5487233
-0.160003 0.2530979 0.01755554 -0.2320136 0.07382862 -0.9263007
-0.160003 -1.162091 1.185625 -0.2320136 -0.3554076 -0.2892938
-0.160003 0.6828304 1.861133 -0.2320136 2.735093 0.9270918
-0.160003 0.7033601 -0.761498 -0.2320136 -0.6472882 1.235061
-0.03521267 -0.3522226 1.256522 -0.2320136 -0.1322047 -0.7180961
