0.830987 0.504872 0.65685 0.986039 0.855806 0.795706 0.614677
0.830987 0.504872 0.65685 0.986039 0.855806 0.795706 0.614677
0.830987 0.504872 0.65685 0.986039 0.855806 0.795706 0.614677
0.830987 0.504872 0.65685 0.986039 0.855806 0.795706 0.614677
0.830987 0.504872 0.65685 0.986039 0.855806 0.795706 0.614677
0.830987 0.504872 0.65685 0.986039 0.855806 0.795706 0.614677
0.749821 0.504872 0.65685 0.986039 0.855806 0.795706 0.614677
0.749821 0.504872 0.65685 0.986039 0.855806 0.795706 0.614677
0.749821 0.504872 0.65685 0.986039 0.855806 0.76989 0.742966
0.749821 0.504872 0.65685 0.986039 0.855806 0.76989 0.742966
