0.751212 0.999525 0.936225 0.968645 0.670564 0.920358 0.838271
0.751212 0.999525 0.936225 0.968645 0.670564 0.920358 0.838271
0.701195 0.999525 0.936225 0.968645 0.670564 0.920358 0.838271
0.701195 0.999525 0.936225 0.968645 0.670564 0.920358 0.838271
0.657783 0.999525 0.936225 0.968645 0.701855 0.920358 0.838271
0.657783 0.999525 0.936225 0.968645 0.701855 0.920358 0.838271
0.657783 0.999525 0.936225 0.968645 0.701855 0.920358 0.838271
0.657783 0.999525 0.936225 0.968645 0.701855 0.920358 0.838271
0.657783 0.999525 0.936225 0.968645 0.701855 0.938787 0.838271
0.657783 0.999525 0.848029 0.968645 0.701855 0.938787 0.838271
