0.656178 0.900276 0.823597 0.721299 0.895379 0.811872 0.766816
0.656178 0.900276 0.794787 0.721299 0.895754 0.811872 0.766816
0.656178 0.900276 0.794787 0.721299 0.895754 0.811872 0.766816
0.656178 0.900276 0.794787 0.721299 0.895754 0.804866 0.766816
0.656178 0.900276 0.801615 0.70191 0.895754 0.804866 0.766816
0.656178 0.900276 0.801615 0.640807 0.895754 0.804866 0.766816
0.697856 0.900276 0.801615 0.640807 0.895754 0.804866 0.766816
0.697856 0.900276 0.801615 0.640807 0.895754 0.804866 0.766816
0.697856 0.900276 0.801615 0.640807 0.895754 0.804866 0.766816
0.697856 0.687896 0.536427 0.640807 0.890069 0.804866 0.766816
