0.863528 0.892354 0.997966 0.684703 0.819582 0.788671 0.715474
0.863528 0.892354 0.997966 0.684703 0.819582 0.788671 0.715474
0.863528 0.892354 0.997966 0.684703 0.819582 0.788671 0.715474
0.863528 0.921212 0.997966 0.684703 0.819582 0.788671 0.715474
0.863528 0.921212 0.997966 0.684703 0.819582 0.788671 0.715474
0.863528 0.921212 0.997966 0.684703 0.924501 0.788671 0.715474
0.863528 0.921212 0.997966 0.684703 0.924501 0.788671 0.715474
0.863528 0.921212 0.997966 0.684703 0.924501 0.788671 0.715474
0.863528 0.921212 0.997966 0.684703 0.924501 0.788671 0.715474
0.883192 0.921212 0.997966 0.54193 0.829877 0.788671 0.715474
