0.446884 5.10898
0.44659 5.06473
0.446549 5.09997
0.447003 5.08243
0.447206 5.09989
0.446429 5.10858
0.446389 5.08263
0.445868 5.08263
0.446313 5.07406
0.446514 5.09113
0.447425 5.11662
0.446909 5.10816
0.446165 5.09131
0.445896 5.0997
0.445861 5.083
0.445597 5.07469
0.446023 5.08296
0.445761 5.08296
0.445729 5.08296
0.445696 5.08296
0.445664 5.0911
0.44541 5.083
0.445602 5.09107
0.446232 5.10715
0.44554 5.10715
0.444856 5.0593
0.444179 5.05136
0.443295 5.01181
0.442848 4.9803
0.443116 4.98815
0.442957 5.00378
0.443223 5.01935
0.442433 4.98057
0.442336 4.96512
0.442184 4.96512
0.442447 4.96512
0.442296 4.97276
0.442146 4.96515
0.441998 4.95757
0.442054 4.97267
0.442366 4.95763
0.442019 4.97262
0.441675 4.95022
0.442182 4.96501
0.441897 4.9576
0.441171 4.93562
0.441285 4.92101
0.441233 4.94284
0.441182 4.92109
0.440749 4.92831
0.441081 4.92111
0.440588 4.92106
0.441243 4.93531
0.441379 4.93531
0.441329 4.95654
0.44165 4.95654
0.44168 4.96356
0.44101 4.94255
0.440678 4.93558
0.441257 4.94253
0.441469 4.94253
0.441171 4.92871
0.440487 4.92183
0.439986 4.90124
0.439666 4.88756
0.439894 4.9012
0.439127 4.88081
0.439593 4.88081
0.439024 4.86731
0.438347 4.84712
0.438366 4.827
0.437887 4.81363
0.437736 4.8003
0.437947 4.82023
0.437627 4.80037
0.437383 4.79376
0.437142 4.78718
0.437143 4.78062
0.436978 4.761
0.436814 4.761
0.437313 4.774
0.436984 4.774
0.436821 4.76754
0.437152 4.7611
