16 20 8 13 12 8 20 8 20 12 12 20 12 13 12 8 8 8 16 8 13 20 12 16 8 20 8 20 8 16 12 20 20 8 20 8 8 12 8 16 13 8 12 8 12 8 13 20 8 12 8 8 8 8 12 8 20 8 8 8 12 12 12 13 12 16 8 20 12 8 8 12 12 20 13 12 20 8 16 20 8 20 8 8 12 8 16 12 8 20 8 16 8 12 8 8 12 8 8 8 16 20 8 20 12 8 8 8 12 12 12 13 8 13 12 8 8 8 16 8 13 20 12 16 8 20 8 8 8 16 16 8 20 20 20 8 8 8 8 8 13 8 8 8 8 8 12 20 8 12 8 8 8 16 8 8 20 20 8 8 12 8 12 8 20 12 12 20 12 8 8 12 12 16 8 12 20 8 20 20 8 16 8 8 12 8 16 13 8 20 12 16 8 12 12 8 12 8 8 8
8 20 8 13 12 8 16 8 8 12 12 20 20 13 12 8 8 8 12 8 13 20 12 16 8 8 8 20 8 16 12 8 8 20 20 8 8 12 8 8 13 16 16 8 8 8 12 12 8 12 16 8 8 12 12 8 20 8 8 8 12 8 8 8 12 12 12 20 12 12 8 12 12 20 20 12 20 8 16 13 8 20 8 8 12 8 16 12 8 20 12 16 8 12 8 12 12 16 8 8 20 20 8 12 12 16 16 20 20 12 12 20 12 13 12 8 8 8 12 8 8 8 12 16 8 20 8 20 8 16 12 8 13 20 20 8 13 12 8 8 13 8 12 13 8 8 13 12 8 13 8 8 8 8 12 8 20 8 8 8 12 8 8 8 12 12 8 20 20 12 8 12 12 20 8 8 13 8 16 8 8 20 8 8 12 8 12 12 12 8 12 16 8 12 8 12 12 8 8 8
16 20 8 12 12 8 8 8 12 12 12 20 20 13 12 8 8 8 12 8 13 20 12 16 8 8 8 8 8 16 12 12 8 20 20 12 8 12 8 20 13 16 12 8 12 8 12 12 8 12 16 8 8 8 8 8 8 8 8 8 12 8 8 8 12 16 12 20 12 12 8 12 12 16 8 12 20 8 16 13 8 8 16 20 12 8 16 12 8 20 12 16 20 12 8 8 12 8 12 8 8 20 8 12 12 16 8 8 12 12 12 20 8 13 12 8 8 8 12 8 8 20 12 16 8 8 20 12 20 16 20 8 8 20 20 8 8 12 8 8 13 16 12 8 8 8 12 12 8 12 8 8 8 8 8 8 8 8 8 8 12 8 8 8 12 12 12 20 16 12 8 12 12 16 8 12 20 8 12 13 8 8 12 20 12 8 16 12 8 20 12 8 12 12 8 12 8 8 8 8
16 20 8 12 12 16 8 12 12 12 12 20 12 13 12 8 8 8 16 8 13 20 12 8 8 20 8 8 8 16 12 12 8 20 20 8 8 8 8 8 8 16 8 8 12 8 12 12 8 12 8 20 8 8 8 8 20 8 8 16 12 8 12 8 12 16 8 20 12 12 8 12 12 16 8 12 20 8 16 13 8 12 8 20 12 8 16 12 8 12 12 16 12 12 8 8 8 20 8 8 16 12 8 12 12 16 8 8 12 12 12 16 20 13 12 8 8 8 12 8 8 20 12 16 8 20 8 8 12 8 12 20 8 8 20 8 8 12 8 8 8 8 8 8 8 8 12 12 8 12 16 20 8 8 8 12 20 8 8 16 12 8 12 20 12 12 12 20 12 8 12 16 12 16 8 12 20 8 20 20 8 8 8 20 12 8 16 12 8 12 12 16 12 12 8 8 8 8 8 8
16 20 8 12 12 16 16 8 12 12 12 20 12 13 12 8 8 8 12 8 8 12 12 8 8 20 8 8 13 12 8 12 8 20 20 12 8 8 8 8 8 16 16 8 12 8 12 12 8 12 8 20 8 20 8 8 20 8 20 16 12 12 12 8 12 16 12 20 12 12 8 12 12 20 8 12 20 12 16 13 8 8 8 8 12 8 16 12 8 12 12 8 8 12 8 8 12 8 8 8 16 20 12 12 12 16 16 20 8 12 12 20 20 13 12 20 12 8 16 8 8 20 12 8 8 20 8 8 12 12 16 16 8 20 20 8 8 12 8 8 8 8 8 8 12 20 12 12 8 12 8 20 8 8 8 12 20 8 12 16 12 8 12 8 12 12 12 12 12 8 20 16 12 20 12 12 20 8 12 12 8 8 16 20 12 8 16 8 8 12 16 8 8 12 12 12 8 20 8 8
9 9 9 20 12 9 9 12 12 12 12 9 9 13 12 9 9 9 12 9 9 20 12 9 9 20 9 12 9 12 12 12 9 20 20 12 9 9 9 9 9 16 13 9 12 9 12 12 9 12 9 9 12 12 9 9 9 9 20 16 12 12 9 12 12 16 12 20 12 12 9 12 12 12 9 12 9 9 9 27 12 12 9 9 12 9 16 12 9 12 12 9 12 12 9 9 12 9 9 12 9 12 9 12 12 9 9 20 12 12 12 20 9 20 12 9 12 9 12 9 9 12 12 9 9 20 9 12 9 12 20 12 9 20 20 9 9 12 9 9 9 9 9 9 9 9 12 12 9 12 9 9 9 9 9 9 9 12 12 16 12 9 9 9 12 12 20 20 12 9 9 12 12 12 9 9 9 9 16 20 9 9 12 9 12 9 16 12 20 9 12 9 9 12 12 9 12 20 9 12
16 9 9 12 9 9 9 9 12 12 12 12 12 13 12 9 9 12 9 9 13 12 12 9 9 20 9 9 9 12 12 12 9 20 20 9 9 9 9 9 20 9 9 9 12 9 12 12 9 12 9 9 12 12 9 9 9 9 12 9 12 12 9 12 12 9 12 20 12 12 9 12 12 12 9 12 9 12 9 20 20 12 9 9 12 9 9 12 9 12 12 9 12 12 9 12 12 9 9 9 9 9 9 12 12 9 9 9 12 12 12 9 9 12 12 9 9 12 12 9 9 12 9 9 9 20 9 12 9 9 12 12 9 20 9 9 9 9 9 9 9 9 9 9 9 9 12 12 9 12 9 9 12 12 9 12 9 9 12 16 20 9 12 9 12 12 12 20 12 9 12 9 12 12 9 12 9 12 12 20 12 12 9 9 12 9 9 12 9 12 12 9 20 12 9 9 12 9 9 12
10 10 10 12 12 10 16 12 12 12 12 10 12 13 12 10 10 12 10 10 10 12 12 10 10 12 10 12 10 12 12 12 10 20 20 12 10 10 10 10 10 10 10 10 12 10 12 12 10 12 10 10 10 12 10 10 10 10 12 10 12 12 12 12 12 10 12 20 12 12 16 12 12 12 10 12 10 12 10 20 10 10 12 10 12 10 10 12 10 12 12 10 12 12 10 20 12 20 10 12 10 10 10 12 12 10 12 12 12 10 12 10 12 12 10 10 10 12 10 10 10 12 10 12 10 10 10 12 10 10 12 10 10 20 10 10 10 10 10 10 20 10 10 20 10 10 12 12 10 12 10 10 10 20 10 20 10 10 20 10 12 12 12 10 12 12 12 20 12 12 10 10 12 12 10 12 10 12 12 20 12 10 10 10 12 10 10 10 10 12 12 10 12 12 10 12 10 20 10 12
10 12 10 12 12 10 10 12 12 12 12 12 12 16 12 10 10 12 10 10 10 12 12 10 10 12 10 12 10 10 10 12 10 20 10 10 10 10 10 10 10 10 10 10 12 10 12 12 10 12 10 10 10 20 10 10 10 10 13 10 12 12 12 20 12 10 12 20 12 12 10 12 12 12 10 12 10 20 10 20 13 10 10 10 12 10 10 12 10 12 12 10 12 12 20 20 12 12 10 10 10 12 12 12 12 10 10 12 12 12 12 20 12 16 12 10 12 12 10 12 10 12 12 10 10 20 10 10 10 12 12 10 12 20 10 10 10 10 10 10 10 10 12 10 12 10 12 12 10 12 10 10 10 12 10 12 10 10 20 10 20 10 12 20 12 12 20 12 12 12 12 10 12 12 10 12 10 20 12 20 12 10 10 10 12 10 10 10 10 20 10 10 12 12 10 12 12 12 10 20
10 12 10 12 12 10 10 12 12 12 12 12 12 17 12 10 10 12 10 10 10 12 12 10 10 20 10 10 13 10 10 12 10 20 10 10 10 10 10 10 10 10 10 10 12 10 12 12 20 12 10 10 10 12 10 10 10 10 12 10 12 10 12 20 12 10 12 20 10 12 10 12 12 12 10 12 10 20 10 20 13 12 20 10 12 10 10 10 12 12 12 10 12 12 10 20 12 10 10 10 10 12 10 12 10 10 12 12 12 12 12 12 10 17 12 12 10 12 10 10 10 12 12 10 10 20 10 10 10 12 10 12 10 20 10 10 10 10 10 10 10 10 10 10 12 10 12 12 20 12 10 10 10 13 12 10 10 10 12 10 12 10 10 20 12 10 12 20 12 12 10 10 12 12 10 12 10 20 10 20 12 12 10 10 12 10 10 10 10 12 12 10 10 12 10 10 12 12 10 12
