0.0941887 1.0416 2.46874 -1.93951 -0.725337 -0.719222 -0.521533 -1.15647 -1.64162 -1.00732 1.07267 -8.94302 4.23068 -2.57594 1.49422 -0.0708141 4.95157 -2.31622 0.0454437 2.82332 0.681947 0.688973 0.620139 -4.03701 -0.137371 0.924752 -1.13249 1.49998 2.75274 0.0276661 0.749328 -1.35283 1.62372 -1.35088 -1.34647 -3.28252 -0.791004 2.50405 -2.2161 0.532011 -1.4653 0.797967 0.900042 2.65148 -0.996308 -0.939775 -6.04968 2.9203 0.349657 2.4544 -0.845655 -1.7588 4.22512 -6.41669 1.54197 -1.34779 -2.90213 -0.142409 -0.378088 -1.02881 -3.69948 -0.727727 -2.16919 3.77757
0.0941887 3.16019 -3.04289 2.46874 -0.725337 3.6985 -4.09033 -3.00532 0.0081659 -0.574919 1.07267 -8.8826 4.23068 -2.57594 0.147353 -0.0708141 4.95157 4.87465 -1.71537 2.82332 -2.74301 0.620139 0.688973 -4.03701 3.8361 0.924752 1.99834 -2.65517 2.75274 0.0276661 -2.26491 1.81012 -2.65108 2.82301 -4.11189 -0.342807 0.231262 1.40541 -1.09316 2.31767 -1.2573 -3.39378 -0.927443 -1.98341 -1.8881 3.68327 0.0360048 -5.47524 -0.616646 -1.30968 -2.43284 -0.537889 1.24825 3.02119 0.12374 -0.131386 0.957005 -3.77825 0.759783 5.44061 1.81331 1.77412 1.16919 -2.26009
0.0941887 0.764894 2.46874 -0.626347 0.213658 1.9755 -4.09033 -0.886059 3.41965 -0.72905 1.72345 6.49012 -8.90914 1.31781 0.272184 -0.88009 0.522438 2.16742 -3.63278 2.77722 0.48908 0.889945 2.39557 1.82724 0.597453 2.47196 0.271234 -0.327918 -0.692928 4.20532 1.39164 2.49436 1.81219 4.61237 -0.301503 2.43943 -2.60694 2.41198 -0.768731 -2.0083 0.153624 -0.731507 0.500247 3.0956 3.59888 -1.02788 3.77312 -4.33021 -0.0916043 2.9954 -1.55515 -0.350742 2.39089 6.95839 -3.33547 -2.96233 1.74022 0.966737 -0.941485 0.57362 -0.862149 2.77853 0.946024 -3.24634
0.0941887 1.76618 2.46874 0.877154 0.213658 -4.23129 -0.886059 3.41965 -0.969052 -0.72905 -3.65704 0.766617 2.29127 -0.5665 1.10049 -3.65696 -0.887668 1.72135 -0.608104 -2.34831 2.21101 -2.95285 -0.690573 -3.33392 -0.579046 5.54492 -2.64743 -4.80733 -0.623646 1.33005 -0.248988 0.593057 -2.42049 1.91788 0.280671 2.26131 0.0376369 -2.78301 1.66382 0.275923 0.628691 -1.69478 -0.0748127 -4.60738 -0.218577 3.28736 0.242371 -2.998 -0.736385 2.38505 2.76067 15.2991 -0.328457 2.46509 -1.6367 2.90557 1.14172 0.163502 1.23067 -2.52661 -3.42532 0.189799 8.78833 -1.60415
0.0941887 1.76618 0.877154 -1.86968 -0.0124951 -4.23129 -1.19424 3.78828 -1.34031 -0.72905 1.56482 0.915079 0.751106 0.18062 -3.64334 2.11824 11.38 3.71118 -8.04017 -4.9809 1.69468 3.30351 -3.21058 2.36952 3.61886 -3.05453 -0.991814 3.48701 -2.79126 -2.05638 -0.222339 4.62656 0.71304 3.2633 1.07695 5.83064 3.05302 -1.2175 0.454934 -1.185 -1.20511 2.21302 2.53458 -1.30322 1.15798 -1.84888 0.84428 -10.2221 1.06854 0.385439 -4.22183 1.51744 -0.0104075 -1.89398 1.53447 5.8702 -1.15965 5.88308 -1.16302 -1.48006 0.532796 -3.76979 3.7922 -0.333228
0.0941887 -2.71945 0.877154 -1.86968 -0.0124951 -0.530531 -4.23129 3.78828 0.210013 -0.72905 -0.49112 2.09594 1.70381 0.157293 -5.07098 0.962234 -1.56151 -1.6907 6.38876 1.18386 4.56055 2.55708 -2.91642 -1.67682 1.01737 1.29105 -2.67193 2.78245 -2.83541 -0.465989 5.82093 3.03891 4.17359 -1.21153 0.0402512 -0.587955 -3.13882 6.12684 3.88408 -1.9111 3.46791 -0.70446 -2.69853 -0.634651 3.7519 1.42064 -0.1548 0.840433 4.44005 -3.7231 1.32325 3.03435 -2.693 -1.29853 1.95569 4.85596 -3.64739 -2.57219 0.795107 -10.4676 -1.09308 -4.00679 -2.18714 -0.403482
0.0941887 -0.937679 -0.339671 3.16512 1.45404 -0.530531 1.31179 -3.73051 -1.11056 -0.72905 1.15216 2.68121 3.56717 -3.93628 -1.70973 -0.448182 -2.41335 0.912171 -1.88275 -2.75934 -1.48994 -0.506329 -2.5522 0.40827 4.66649 -3.15794 1.57647 0.428435 -0.738243 5.43744 -1.18499 -1.37595 3.44423 -0.522575 5.5474 -4.89188 6.05509 -1.53537 0.570562 -3.67207 -1.42117 6.50392 -3.09768 -4.40782 -1.20493 -2.99954 2.05213 2.15231 -1.38709 -2.53714 2.90558 0.232382 -2.37205 -0.693002 0.0684066 3.11058 -3.27911 2.77398 -1.99875 1.7901 0.261045 -0.844762 -0.0571898 -2.02071
0.0941887 -0.937679 1.45404 -0.966143 1.56614 -0.23169 1.31179 -3.73051 -2.95783 -0.583724 0.0369985 -3.60856 -0.470849 0.637608 1.64659 -2.99338 4.71465 0.416695 -1.23159 0.706691 -3.80847 1.61307 -0.80776 -0.711221 -1.8376 6.81683 -2.2111 0.0565943 0.0487085 -1.13902 -0.672007 -1.07606 -0.709219 -2.05273 -4.60491 -2.50888 -2.18462 1.6466 -1.70181 -3.47784 0.0813355 0.276316 -1.41224 -0.347728 5.09048 -0.836986 -0.517508 0.201137 -1.19454 -5.47494 -0.157402 2.02899 -2.03477 0.237675 4.31529 0.583748 1.67432 1.69303 -1.21183 -3.11807 -3.05961 5.43713 -0.795657 -6.70581
0.0941887 -0.937679 1.45404 -1.62065 0.634432 -0.23169 -1.7298 -0.583724 0.299063 -8.3018 -1.49196 0.0609535 0.469264 -1.10096 3.53117 1.53756 -1.22831 12.5328 -0.102071 2.52099 -1.57194 -3.31971 0.630466 -0.494613 3.10521 -0.553219 2.66586 0.19738 7.83473 -5.0804 1.39714 1.80079 6.1602 0.779547 1.718 6.46377 -0.184173 -8.03196 2.13643 0.132763 1.49253 -0.443911 -4.12914 1.64086 -4.15678 2.09561 2.73336 -0.775123 2.83395 0.463611 -0.126948 -0.0181614 -1.49005 -0.328806 8.3461 3.47025 2.60871 0.371457 1.6249 6.23222 0.402054 3.43851 0.829149 -1.57133
0.0941887 -0.937679 1.45404 0.258477 0.549727 -0.23169 -0.583724 -3.56058 4.88947 3.0123 1.55529 -0.564758 2.76923 -1.62841 -0.205411 2.62779 -1.17859 1.73006 -5.91449 0.111546 1.7797 -8.53275 -2.44541 2.6892 0.500171 5.02193 2.45025 3.32411 -1.96294 9.44114 2.97835 0.00574062 -0.197305 -3.48375 -7.21225 4.78995 -0.387046 4.08944 -0.483146 1.84827 -2.5884 -1.45089 1.44183 -3.76041 0.718894 0.757906 5.25984 -4.6627 1.80369 1.81808 -0.738478 -1.97283 -5.68283 2.9234 -3.19511 1.36724 -0.288859 -2.645 -1.3458 8.79763 -1.02375 0.220981 0.181354 -2.01818
