0.975961 0.836763 0.984266 0.968036 0.683997 0.917719 0.973352
0.975961 0.836763 0.984266 0.968036 0.683997 0.917719 0.973352
0.975961 0.836763 0.984266 0.968036 0.672762 0.917719 0.973352
0.975961 0.836763 0.984266 0.968036 0.672762 0.917719 0.973352
0.975961 0.836763 0.984266 0.968036 0.672762 0.917719 0.973352
0.975961 0.836763 0.984266 0.968036 0.672762 0.917719 0.973352
0.975961 0.836763 0.984266 0.968036 0.672762 0.917719 0.973352
0.975961 0.836763 0.984266 0.968036 0.672762 0.917719 0.973352
0.975961 0.836763 0.984266 0.968036 0.672762 0.917719 0.973352
0.975961 0.836763 0.984266 0.968036 0.672762 0.917719 0.973352
