0.86711 0.894484 0.737777 0.823749 0.681967 0.997714 0.680633
0.86711 0.894484 0.737777 0.823749 0.531124 0.997714 0.680633
0.86711 0.894484 0.737777 0.823749 0.531124 0.997714 0.680633
0.86711 0.894484 0.737777 0.823749 0.531124 0.997714 0.731293
0.86711 0.894484 0.737777 0.823749 0.531124 0.997714 0.731293
0.86711 0.894484 0.737777 0.823749 0.531124 0.997714 0.731293
0.761928 0.894484 0.737777 0.823749 0.531124 0.997714 0.731293
0.761928 0.894484 0.737777 0.823749 0.531124 0.997714 0.731293
0.761928 0.894484 0.737777 0.823749 0.531124 0.997714 0.731293
0.761928 0.872098 0.737777 0.823749 0.531124 0.997714 0.731293
