1 1 12 15 12 15 15 12 1 15 15 1 12 10 15 10 12 15 1 12 10 1 12 12 1 15 10 12 1 1 12 12 12 12 10 15 12 1 12 12 15 15 10 15 12 10 1 12 22 12 15 12 1 10 12 12 12 10 12 15 12 1 12 10 15 15 12 15 12 12 12 12 12 1 15 12 10 1 10 15 10 12 12 12 12 12 12 1 12 12 10 1 12 12 1 12 10 12 10 12 12 1 12 15 12 15 10 12 12 1 12 15 12 10 15 12 12 15 1 12 10 12 12 12 1 1 15 1 1 1 12 12 10 12 10 12 12 1 12 12 15 12 10 10 12 10 1 12 22 1 15 12 1 10 12 12 12 12 12 15 12 1 15 10 1 15 12 15 1 12 12 12 12 1 15 12 1 1 1 15 15 12 12 12 12 12 12 1 12 12 12 1 1 12 1 12 12 12 12 1
1 1 12 15 12 15 12 11 12 12 15 15 12 11 15 12 11 11 1 12 11 1 12 12 1 15 11 12 1 11 12 12 11 12 11 15 15 11 12 12 15 11 12 15 11 11 1 15 15 11 15 12 1 11 12 12 12 12 12 15 12 1 12 1 1 15 12 15 12 11 12 12 12 1 15 12 11 15 11 15 11 12 15 12 12 11 12 1 12 1 11 1 12 12 12 12 11 12 12 1 1 1 12 15 11 12 12 12 12 1 15 15 12 11 15 12 11 15 1 12 11 1 15 12 1 15 15 12 1 1 12 12 12 11 11 11 1 1 12 12 15 15 12 11 12 11 1 12 15 15 11 12 1 11 12 12 12 11 12 15 12 1 15 12 15 15 12 15 12 12 12 11 12 1 15 12 11 11 1 15 11 1 1 12 12 12 12 12 12 1 15 11 12 12 12 12 15 12 11 15
15 1 11 1 12 1 12 11 1 12 1 1 12 11 1 12 11 11 15 12 11 15 12 12 15 1 1 12 15 11 12 11 11 1 11 1 1 15 12 12 1 1 12 12 12 11 15 12 15 12 11 12 15 11 1 12 12 12 12 1 1 15 12 15 1 1 12 1 12 12 12 12 12 15 1 1 11 11 12 1 11 12 12 12 12 11 12 15 12 1 12 12 11 12 12 11 11 12 12 11 12 12 12 1 12 1 11 12 12 1 1 1 12 11 1 12 11 11 15 12 11 15 1 12 15 1 1 12 15 11 12 12 11 1 11 1 1 12 12 12 1 1 11 11 12 11 15 12 15 12 1 12 15 12 12 12 12 12 12 1 1 15 12 12 15 11 12 1 11 12 12 15 12 15 1 12 11 15 12 1 11 12 12 12 12 12 12 15 12 15 12 1 11 12 12 12 15 12 15 15
15 1 12 1 12 12 1 10 1 12 1 1 12 10 1 12 10 1 15 12 10 10 12 10 10 1 1 12 1 1 12 10 10 12 10 12 1 15 12 12 1 1 1 12 10 10 15 12 15 12 10 10 10 10 10 12 12 1 12 1 1 10 1 15 1 1 12 1 15 12 12 12 12 15 1 12 10 10 15 1 10 12 12 10 12 12 12 10 10 1 12 10 12 1 10 12 10 1 12 1 1 1 10 1 10 12 15 12 12 12 1 1 12 10 12 12 12 1 10 10 10 12 12 15 15 1 1 12 1 1 12 12 12 12 10 1 1 15 10 15 1 1 12 12 12 10 1 12 15 15 12 12 15 10 10 12 12 12 12 1 1 10 15 12 1 1 12 1 10 12 12 12 12 15 1 12 10 10 1 1 10 12 15 12 12 10 15 15 12 1 12 10 10 12 12 12 1 1 12 15
15 1 11 1 11 11 11 11 1 11 1 1 11 10 1 11 11 1 10 11 10 10 10 11 15 11 1 11 15 1 11 11 10 11 10 11 1 15 10 11 1 1 1 11 11 11 15 11 15 11 1 10 10 10 1 11 11 11 11 1 15 10 1 1 1 1 11 1 15 11 11 11 11 15 1 15 10 1 1 1 1 10 11 10 11 11 11 15 10 10 11 1 11 1 10 11 10 11 10 10 10 1 10 1 11 11 10 10 1 1 1 1 11 10 1 1 11 1 15 11 10 10 11 11 15 1 1 11 10 1 11 10 15 11 10 11 1 15 10 11 1 1 1 11 11 10 15 11 15 1 1 10 15 10 11 11 11 11 1 1 1 15 10 11 1 1 1 1 15 10 11 11 11 15 1 1 10 1 15 1 10 11 11 11 1 10 11 15 15 1 11 11 10 1 10 11 10 1 11 1
11 1 10 1 11 11 1 11 1 11 1 11 11 10 1 11 11 1 10 11 10 10 11 11 15 1 1 11 15 1 11 11 10 11 11 1 1 10 11 11 1 1 11 11 11 11 15 11 15 11 1 1 10 1 11 11 11 11 11 1 1 10 1 1 1 1 11 1 10 11 11 11 11 15 1 1 10 10 1 1 1 11 11 10 11 11 11 15 1 1 10 1 11 11 10 11 10 1 11 11 11 1 11 1 11 1 11 11 1 11 1 11 11 10 1 11 11 10 15 11 10 10 11 11 15 1 11 11 15 1 11 11 10 11 11 1 15 11 1 11 1 1 11 11 11 11 15 11 1 11 1 1 10 1 10 11 11 11 1 1 11 10 1 11 1 11 15 1 10 11 11 11 11 11 1 15 10 1 11 1 11 11 11 10 11 11 11 1 10 10 15 11 11 11 10 11 10 11 11 10
0 0 0 0 11 11 0 11 0 11 0 0 11 10 0 11 0 0 10 0 10 15 11 11 15 11 0 11 15 0 11 11 10 11 11 11 0 10 11 0 0 0 11 11 11 0 0 10 15 11 11 0 10 11 11 11 11 11 11 0 0 0 0 10 0 11 11 0 10 11 0 11 11 15 0 0 10 0 10 0 11 11 11 0 11 10 11 10 0 0 11 0 11 11 10 11 10 11 11 0 0 0 11 0 11 11 0 11 0 11 0 11 11 10 0 11 11 0 15 11 10 0 11 11 0 0 0 10 0 0 11 11 10 11 10 11 0 11 10 11 0 11 15 11 11 0 0 0 15 11 0 15 0 0 11 11 11 11 0 0 0 11 0 11 0 11 11 0 10 11 11 10 11 0 0 0 10 10 0 0 11 11 11 0 11 11 11 0 0 0 11 11 0 11 10 11 10 11 11 10
0 11 0 11 0 0 0 0 11 0 11 11 0 10 0 0 11 11 10 11 0 11 0 0 15 11 11 0 15 11 0 0 0 11 0 0 11 10 0 11 11 11 11 0 11 0 11 0 15 0 0 0 10 0 11 0 0 0 0 11 11 11 11 10 11 0 0 11 10 0 0 0 0 15 11 11 10 11 10 11 0 0 0 0 0 10 0 10 0 11 0 0 0 11 10 0 10 0 0 0 0 10 0 11 0 11 0 0 11 0 11 11 0 10 0 0 11 11 10 11 10 15 0 0 10 11 11 0 11 11 0 0 10 11 15 11 11 0 0 11 11 10 11 11 0 10 11 11 15 0 11 0 10 11 0 11 0 0 11 11 0 11 0 0 11 11 11 11 10 0 0 0 0 15 11 11 10 11 0 11 0 0 11 0 0 0 0 10 11 11 0 11 0 0 10 0 11 11 11 11
0 11 0 11 0 0 0 0 11 0 11 11 0 10 0 0 0 11 10 11 0 10 11 0 10 11 11 0 15 11 0 0 10 0 0 11 11 10 0 0 11 11 0 11 0 0 11 0 10 0 0 0 10 0 11 11 0 0 0 11 11 10 0 0 11 0 0 11 0 0 0 0 0 15 11 11 10 11 11 11 0 0 0 0 11 0 0 11 0 11 0 0 0 11 10 0 10 0 0 10 11 11 0 11 0 0 0 0 10 11 11 0 0 10 0 0 0 11 10 0 10 11 0 0 10 11 11 0 10 0 0 11 0 0 0 0 11 0 10 11 11 11 0 11 0 0 11 11 10 11 0 0 10 0 11 0 0 0 11 11 11 15 11 0 11 0 0 11 0 0 0 0 0 11 11 11 10 15 0 11 0 0 0 0 0 0 0 11 0 0 0 0 11 11 0 0 0 11 0 11
0 11 0 11 0 0 0 0 11 0 11 11 0 9 9 0 11 11 9 0 0 9 0 0 9 11 11 0 11 11 0 0 9 0 9 11 11 11 0 0 11 11 11 11 0 0 15 0 9 0 0 0 9 9 11 0 0 0 0 0 11 9 0 9 11 0 0 11 0 0 0 0 0 9 11 11 9 9 0 11 0 0 0 0 0 0 0 9 11 11 0 0 0 11 9 0 9 11 0 0 0 11 0 11 0 0 11 0 0 0 11 11 0 9 0 0 0 9 9 0 9 9 11 0 9 11 11 0 11 11 0 0 0 0 0 11 11 11 0 0 11 0 0 11 0 0 15 0 9 0 9 0 9 0 11 0 0 0 11 11 11 9 0 0 11 0 0 11 11 0 0 0 0 15 15 0 9 9 0 11 11 9 0 0 11 0 0 9 0 11 0 0 0 11 11 0 9 11 0 9
