6 6 6 3 7 6 6 6 3 3 3 3 6 0 6 6 6 3 6 6 6 16 6 6 10 3 6 6 6 16 6 6 6 3 6 6 14 3 6 3 7 6 6 3 6 6 10 3 10 10 6 6 6 7 3 6 6 6 6 6 6 10 6 6 6 10 6 3 3 6 3 3 6 16 6 6 0 3 7 3 6 6 6 6 6 6 6 6 6 3 6 6 6 6 6 7 6 6 6 10 6 3 6 16 7 6 6 6 3 6 6 3 3 0 6 6 6 3 6 3 6 16 6 3 10 3 3 6 6 6 6 6 7 3 0 6 6 10 6 3 7 6 6 3 6 6 10 3 10 6 6 6 6 3 3 6 7 6 6 6 6 10 6 6 3 6 6 3 3 6 6 3 6 16 6 6 6 3 6 3 3 6 6 6 6 6 6 3 6 3 6 6 6 6 3 6 6 3 6 10
5 5 5 3 7 5 5 5 9 5 3 3 5 0 3 5 3 3 5 3 5 16 3 5 9 5 7 5 5 16 5 5 5 5 0 5 5 5 5 3 5 5 5 3 5 5 9 3 3 5 5 5 5 16 7 5 5 5 5 5 5 9 5 7 9 5 5 3 3 3 5 3 9 5 5 5 0 5 7 3 5 5 5 5 5 5 5 5 3 3 5 5 5 5 5 5 5 5 5 5 5 3 5 9 7 5 5 5 9 5 7 7 5 0 3 5 5 3 5 5 5 16 3 3 9 3 5 5 5 5 5 5 5 5 0 7 5 7 5 3 7 5 7 3 5 5 9 3 3 5 5 5 5 16 5 5 5 7 5 5 5 9 5 5 9 3 5 5 3 3 5 5 9 16 5 5 0 3 3 3 5 5 5 5 5 7 5 3 5 3 3 5 5 5 5 5 5 5 5 5
5 5 5 3 6 5 6 3 3 3 9 5 5 0 5 5 5 3 5 3 5 3 5 5 5 5 5 5 5 16 5 5 5 5 0 5 5 5 5 5 5 5 5 5 5 5 9 3 9 3 5 5 5 3 5 6 6 5 5 5 5 5 5 5 5 5 5 3 5 3 3 5 3 5 5 5 0 5 6 3 5 5 5 5 5 5 6 5 5 5 5 5 5 5 5 5 5 3 5 5 5 3 5 3 6 5 5 5 5 3 3 5 3 5 5 5 5 3 5 5 0 5 5 5 9 3 5 5 3 6 5 5 5 3 0 5 5 5 5 5 5 5 5 3 6 5 9 3 3 5 5 5 5 5 6 5 6 5 5 5 6 9 5 6 9 5 5 3 5 5 3 5 6 5 5 9 0 3 5 3 5 5 5 5 5 5 5 5 5 9 5 5 5 5 5 5 5 5 5 5
5 5 5 3 6 5 5 5 5 5 5 5 5 0 5 5 5 3 5 5 5 5 5 5 5 3 5 5 5 5 5 3 5 5 0 5 5 5 5 5 0 5 5 5 3 5 3 3 5 3 5 5 5 5 5 5 6 5 5 5 5 5 5 5 5 5 5 3 3 5 3 5 3 3 5 5 0 3 5 5 5 5 5 5 5 5 5 5 5 3 5 5 5 5 5 6 5 5 5 5 5 5 5 3 5 5 5 3 3 5 3 5 5 0 5 5 5 3 5 5 5 3 5 5 5 3 5 3 5 5 5 5 5 6 5 5 5 5 5 5 5 5 5 5 3 5 3 3 5 5 5 5 5 3 5 3 6 5 5 5 5 5 6 5 5 5 5 3 5 5 5 5 3 3 5 5 0 3 5 3 5 5 5 5 5 5 5 5 5 5 3 5 5 5 5 5 5 5 5 5
4 4 4 3 6 4 4 4 4 4 3 4 4 4 4 4 4 3 4 4 4 3 4 4 9 6 4 4 4 4 4 4 4 4 1 4 4 4 4 4 4 4 4 4 4 4 3 3 4 4 4 4 4 4 3 4 4 4 4 4 4 4 4 4 3 4 4 4 4 4 4 4 4 3 4 4 4 4 4 4 4 4 4 4 4 3 4 4 4 4 3 4 4 4 4 4 4 4 4 3 4 4 4 3 6 4 4 4 4 4 4 4 4 4 4 4 4 3 3 4 4 3 4 4 4 4 4 4 4 4 4 4 4 4 1 4 4 4 4 4 4 4 4 4 3 4 3 4 4 4 4 4 4 4 4 4 4 4 4 4 3 4 4 6 4 4 4 4 3 4 3 4 3 3 4 4 4 3 4 3 4 4 4 4 4 4 4 4 4 4 4 4 4 3 4 4 4 4 3 3
3 4 4 3 4 4 4 4 4 4 3 4 4 4 4 3 4 4 3 4 4 3 4 4 7 4 4 4 3 4 4 4 4 4 4 4 4 4 4 4 4 4 4 4 4 4 3 3 4 4 4 6 4 4 4 4 4 4 4 4 4 4 4 4 3 4 4 4 4 3 3 4 4 3 4 4 4 4 4 4 4 4 4 4 4 4 4 4 4 3 4 4 4 4 4 4 4 4 4 4 4 4 4 4 4 4 4 4 3 4 3 4 4 4 4 4 4 3 3 4 4 3 4 4 7 4 4 4 4 4 4 3 4 4 4 4 4 4 4 4 4 4 4 4 4 4 3 4 4 4 4 4 4 4 4 4 4 4 4 4 4 3 4 4 3 4 4 4 3 4 4 4 4 3 4 4 4 4 4 4 4 4 4 4 4 4 4 4 4 4 4 4 4 4 4 4 4 4 4 4
4 2 4 2 4 4 4 4 4 4 4 4 4 4 4 4 4 4 2 4 4 2 4 4 5 4 4 4 2 4 4 4 4 4 5 4 4 4 4 4 4 4 4 4 4 4 2 4 4 4 4 4 4 4 4 4 4 4 4 4 4 7 4 4 2 4 4 4 4 4 2 4 4 2 4 4 4 4 4 4 4 4 4 4 4 4 4 4 4 4 4 4 4 4 4 4 2 4 4 4 4 4 4 2 4 4 2 4 4 2 4 4 4 4 4 4 4 4 2 4 5 2 4 4 5 4 4 4 2 4 4 4 4 2 4 4 4 4 4 4 4 4 4 4 4 4 2 4 4 2 4 4 4 4 4 4 2 4 4 4 4 4 4 4 2 4 4 4 4 4 4 4 4 2 4 4 4 4 4 4 4 4 4 4 4 4 4 4 4 2 4 4 4 4 4 4 4 4 4 4
4 4 4 1 4 4 4 4 4 4 1 4 1 4 4 4 4 4 1 4 4 1 4 4 1 1 4 4 4 4 4 4 4 4 4 4 4 4 4 4 4 4 4 4 4 4 1 4 4 4 4 4 4 4 4 4 4 1 4 4 4 4 4 4 1 4 4 1 4 4 4 1 4 1 4 4 4 4 4 4 4 4 4 4 4 4 4 4 4 4 4 4 4 4 4 4 1 4 4 4 4 4 1 1 4 1 4 4 4 4 4 4 4 4 4 4 1 4 1 4 4 1 4 4 1 4 4 4 4 4 4 4 4 4 4 4 4 4 4 4 4 4 4 4 4 4 1 4 4 1 4 4 4 4 4 4 4 4 4 4 4 4 1 4 4 4 4 4 4 4 4 1 4 1 4 4 4 4 4 4 4 4 4 4 4 4 4 4 1 4 4 4 4 4 4 4 1 4 1 4
4 4 4 0 4 4 4 4 0 4 0 4 4 4 4 4 4 4 4 4 4 4 4 4 0 4 4 4 0 4 4 4 4 0 4 4 4 4 4 4 4 4 4 4 4 4 0 4 0 4 4 4 4 4 4 4 4 4 4 4 4 4 4 4 0 4 4 4 4 4 4 4 4 0 4 4 4 4 4 4 4 0 4 4 4 4 4 4 0 0 4 4 4 4 0 4 0 0 4 4 4 4 4 4 4 4 4 4 4 4 4 4 4 4 4 4 4 4 0 4 4 0 4 4 0 4 4 4 4 4 4 4 4 4 4 4 4 4 4 4 4 4 4 4 4 4 0 4 0 0 4 4 4 4 4 4 0 4 4 4 4 4 4 4 4 4 4 0 4 4 4 4 4 4 4 4 4 4 4 4 4 4 4 4 4 4 4 4 0 0 4 4 4 4 4 4 0 4 4 4
4 0 4 0 4 4 4 4 0 4 0 4 4 4 4 4 4 4 0 0 4 4 4 4 4 4 4 4 0 4 4 4 4 4 4 4 4 4 4 4 4 4 4 4 4 4 0 4 0 4 4 4 4 4 4 4 4 4 4 4 4 4 4 4 4 4 4 0 4 4 4 4 4 0 4 4 4 4 4 4 4 4 4 4 4 4 4 4 0 0 4 4 4 4 4 4 4 4 4 4 4 4 4 4 0 4 4 4 0 4 0 4 4 4 0 4 4 4 0 4 4 0 4 4 0 0 4 4 0 4 4 4 4 4 4 4 4 4 4 4 4 4 4 4 4 4 0 4 0 4 4 4 4 4 4 4 4 4 4 4 4 4 4 4 4 4 4 4 4 4 4 4 0 0 4 4 4 4 4 0 4 4 4 4 4 0 4 4 4 0 4 4 4 4 4 4 0 4 4 4
