13 13 13 20 26 13 13 20 13 20 19 13 13 16 13 13 20 19 13 13 13 19 19 13 20 20 13 13 13 27 13 19 13 20 13 13 13 13 13 13 13 13 13 19 13 20 19 13 13 20 13 13 20 19 13 13 13 13 19 13 19 20 19 13 19 19 20 20 19 13 13 20 19 23 13 19 13 20 13 20 19 13 13 13 19 20 13 13 13 27 13 13 20 19 13 20 19 13 13 20 13 13 20 20 27 13 13 13 13 13 20 13 13 16 20 13 20 19 19 13 13 19 13 13 13 20 13 13 13 13 20 19 13 20 13 19 13 13 13 13 13 13 13 19 13 13 19 13 13 19 13 13 13 19 13 13 13 20 19 13 19 20 13 13 19 19 20 20 20 13 13 13 19 23 13 20 13 20 13 20 19 13 13 13 19 13 13 13 20 13 13 13 19 19 13 20 19 13 13 20
13 13 13 19 26 13 13 20 20 20 13 13 13 16 20 13 13 19 19 13 13 19 19 20 20 20 13 13 13 13 20 20 13 20 13 13 13 13 13 13 13 13 13 13 13 13 20 19 13 20 13 13 20 19 13 13 13 13 20 13 19 20 19 13 19 19 19 20 19 13 13 20 19 19 13 20 13 13 13 20 19 20 13 13 19 13 13 19 20 13 13 13 20 19 13 20 19 20 13 20 13 13 20 20 26 13 13 13 20 20 19 13 13 16 19 20 13 19 19 13 13 19 19 13 13 20 13 20 13 13 20 19 13 20 13 13 13 13 13 13 13 19 13 13 13 13 19 19 13 19 13 13 20 19 13 13 13 13 20 13 19 13 13 13 20 19 20 20 19 13 13 13 19 19 13 19 13 20 13 20 19 13 13 13 19 20 13 13 13 13 20 13 13 19 13 20 13 19 13 20
13 13 20 20 13 13 13 13 20 20 20 13 13 26 18 13 20 18 18 13 13 18 20 13 13 20 13 13 13 13 20 13 13 20 13 20 13 13 13 13 13 13 13 13 13 13 20 18 13 20 13 13 13 18 13 13 13 13 20 13 18 20 18 13 18 18 20 20 18 18 13 20 18 13 13 20 13 13 13 20 18 13 13 13 18 13 13 13 20 13 18 13 20 18 13 13 18 13 18 20 13 13 13 20 20 13 13 20 20 20 20 13 13 26 18 20 13 18 20 13 13 18 18 13 13 20 13 20 13 13 20 13 13 20 13 13 13 13 13 13 13 13 13 13 13 13 20 18 13 18 13 13 20 18 13 13 13 13 20 13 18 20 13 13 18 20 20 20 18 13 13 13 18 18 13 13 13 20 13 20 18 13 13 13 20 13 13 13 13 13 20 13 20 18 13 20 18 13 13 20
13 13 13 20 13 13 13 20 17 20 20 13 13 26 20 20 13 17 17 13 13 17 20 13 13 20 13 13 13 13 20 20 13 20 13 13 13 13 13 13 13 13 13 13 13 13 20 17 13 20 13 13 13 17 13 13 13 13 17 13 17 20 13 13 17 17 20 17 17 17 13 17 17 13 13 13 13 20 13 20 17 13 13 13 20 13 13 13 13 13 17 13 20 17 13 13 17 17 13 20 13 13 13 20 13 13 17 13 20 20 20 13 13 26 17 20 13 17 17 13 13 17 13 13 20 20 13 13 13 13 20 13 13 20 20 13 13 13 13 13 13 13 13 13 13 13 17 17 13 20 13 13 13 17 13 13 13 20 17 13 17 20 13 20 20 17 17 20 17 17 13 13 17 13 13 13 13 20 13 20 17 13 13 13 17 13 13 13 13 13 17 13 13 17 20 20 17 17 13 20
13 13 13 20 13 13 13 20 17 17 20 13 13 13 20 13 20 17 13 13 13 20 13 13 13 20 13 20 13 13 17 13 13 17 13 13 13 13 13 13 13 13 13 13 13 13 20 17 13 20 17 13 13 17 13 13 13 13 17 20 17 20 13 13 20 20 20 17 20 17 13 13 20 20 13 13 13 13 13 20 17 13 20 13 17 13 13 20 13 13 13 13 13 17 13 13 17 17 17 20 13 13 13 20 13 13 13 13 17 20 20 13 13 13 17 13 13 17 17 13 13 17 17 13 13 20 13 13 13 13 13 13 13 17 13 13 13 13 13 13 13 13 13 13 13 13 20 17 13 20 13 13 20 17 13 13 13 13 17 13 17 13 13 20 20 20 17 17 17 17 13 13 17 17 13 20 13 20 13 17 17 13 13 13 20 13 13 20 13 13 17 13 20 17 13 20 17 17 13 20
13 13 13 20 13 13 13 13 17 20 13 17 13 13 20 13 20 13 20 13 13 20 20 13 13 17 13 20 13 13 13 17 13 17 13 13 13 13 13 13 13 20 13 17 13 13 20 17 13 20 13 13 13 17 13 13 13 13 13 20 17 13 13 13 20 20 17 17 20 17 13 13 20 13 13 20 13 13 13 20 17 13 13 13 13 13 13 13 20 13 13 13 13 17 20 13 13 17 13 20 13 13 13 20 17 13 20 13 13 13 20 13 13 13 13 13 20 17 20 13 13 20 13 13 13 20 13 13 13 13 13 13 13 17 13 13 13 13 13 13 13 13 20 13 13 13 20 17 13 13 13 13 13 17 13 13 13 13 13 17 17 13 13 13 20 20 17 17 13 13 13 13 17 13 13 20 13 13 13 13 13 13 13 13 17 13 13 13 13 13 17 13 13 17 13 20 13 17 17 13
13 13 13 20 13 13 13 13 13 20 20 13 13 13 20 13 13 13 20 13 13 13 13 13 13 17 13 13 13 13 20 17 13 13 13 13 13 13 13 13 17 20 20 13 17 13 20 17 13 20 13 13 13 17 13 13 13 13 13 13 17 13 13 13 20 20 17 17 17 13 13 13 20 13 13 20 13 20 13 13 13 13 13 20 20 13 13 13 13 13 20 13 13 17 13 13 13 13 13 20 13 17 13 20 13 13 13 13 13 20 17 13 13 13 20 13 13 13 20 20 13 17 13 13 13 17 13 13 13 13 13 13 13 17 13 13 13 13 13 13 13 20 13 17 13 13 20 17 13 13 13 20 13 17 13 13 13 13 17 20 17 13 13 17 20 20 13 17 13 13 13 13 17 13 13 20 17 20 13 13 17 13 13 20 17 17 13 20 13 13 20 13 13 17 13 13 13 17 13 13
13 13 13 20 17 13 13 13 17 20 17 13 13 13 20 13 20 13 20 13 13 13 13 13 13 13 13 13 13 13 20 13 13 17 13 13 13 13 13 13 13 20 13 13 17 13 20 17 20 20 13 13 13 13 13 13 13 20 13 20 17 20 13 13 20 20 13 17 20 20 13 13 17 13 13 20 13 13 13 13 13 13 13 13 20 13 13 13 13 13 20 13 13 17 13 13 13 13 17 20 13 13 13 20 17 13 13 20 13 20 17 13 13 13 13 13 13 13 17 13 13 13 13 13 20 17 13 20 13 13 20 13 13 17 13 13 13 13 13 13 17 20 13 13 13 13 20 17 20 20 13 13 13 13 13 20 13 13 13 20 20 20 13 13 20 20 17 13 20 13 13 13 17 13 13 17 13 20 13 17 13 13 17 20 17 13 13 20 13 13 20 13 13 17 20 13 13 13 17 13
13 13 13 20 13 13 13 13 16 20 20 13 13 13 20 13 20 13 20 13 13 13 20 13 20 20 13 13 13 13 20 13 13 16 13 13 13 13 13 13 13 20 20 13 13 13 20 16 20 13 13 13 13 13 13 13 13 13 13 20 16 20 20 13 13 20 20 16 16 16 13 13 16 13 13 20 13 20 13 20 13 13 20 13 20 13 13 13 13 13 20 13 13 16 20 13 20 13 16 20 13 13 20 20 16 13 13 13 20 20 20 13 13 13 20 13 13 13 20 13 13 13 13 13 20 13 13 13 13 13 13 13 13 13 13 13 13 13 13 13 13 20 20 13 13 13 20 16 13 20 13 13 13 13 13 13 13 16 13 20 16 20 13 13 20 20 13 20 13 13 13 13 16 13 13 20 13 13 13 13 13 13 16 13 20 13 13 13 20 13 16 13 13 16 20 13 13 13 20 20
13 13 13 20 13 13 13 13 16 20 16 13 13 13 20 13 13 20 20 13 13 13 20 13 20 16 13 13 13 13 13 13 13 16 13 20 13 13 13 13 13 20 13 13 13 13 20 16 20 20 13 13 13 13 13 13 13 13 13 20 16 20 13 13 20 20 16 20 20 16 13 13 16 13 13 20 13 20 13 20 13 13 13 13 20 13 13 13 13 13 20 13 13 16 20 13 16 20 16 20 13 13 13 20 13 13 13 13 16 20 20 13 13 13 20 16 13 20 20 13 13 20 20 13 20 20 13 16 13 13 13 16 13 16 13 13 13 13 13 13 13 20 13 13 13 13 20 16 13 13 13 13 16 13 13 13 13 13 16 20 16 20 13 13 20 13 20 20 16 13 13 13 16 13 13 20 13 20 13 20 13 13 13 13 20 13 13 13 13 13 20 13 13 16 20 13 13 16 13 20
