12 12 12 17 12 12 12 12 12 12 12 12 12 12 12 12 12 15 12 12 12 11 12 12 15 12 12 12 17 12 12 12 12 12 12 12 15 12 12 12 12 15 12 12 12 12 17 12 15 12 12 12 15 12 12 12 12 12 15 15 15 15 12 12 15 12 12 17 12 12 12 12 12 11 12 12 12 15 12 17 15 12 12 12 12 12 12 12 15 12 12 15 12 15 12 12 11 12 15 15 12 12 12 17 12 12 12 12 12 12 12 12 12 12 12 12 15 15 11 15 12 15 12 12 15 17 12 12 17 12 12 12 12 17 12 12 15 12 12 12 12 12 12 12 12 12 15 12 15 12 12 12 15 11 12 12 12 12 15 15 15 15 12 12 12 12 12 17 15 12 15 12 12 11 12 12 12 15 12 17 12 12 12 12 12 12 12 12 12 12 12 12 12 15 12 15 11 12 15 15
12 12 12 17 12 12 12 12 12 12 12 12 12 12 12 12 12 15 12 15 12 12 12 12 15 12 12 12 17 12 12 12 12 12 12 12 12 12 12 12 12 12 12 12 15 12 17 12 15 12 12 12 15 15 12 12 12 12 15 15 15 15 12 12 17 12 12 12 12 12 12 12 12 11 12 15 12 15 12 17 15 12 12 12 12 12 12 12 12 12 12 12 12 12 12 12 11 12 12 15 12 12 12 17 12 12 12 12 12 12 15 12 12 12 12 12 12 15 11 12 12 11 12 12 15 12 12 12 12 12 12 12 12 12 12 12 15 12 12 12 12 15 12 12 12 12 17 12 15 12 12 12 15 15 12 12 12 12 15 15 12 15 12 12 15 12 12 12 12 12 12 12 12 11 12 12 12 15 12 17 15 12 12 12 12 12 12 12 15 12 12 12 12 15 12 15 12 12 15 12
10 10 10 10 10 10 10 10 10 10 10 10 10 10 10 10 10 15 10 15 10 10 10 10 15 10 10 10 17 10 10 10 10 10 10 10 15 10 10 10 10 10 10 15 10 10 17 10 15 10 10 10 10 15 10 15 10 10 15 15 10 15 10 10 10 10 10 10 10 10 10 10 10 12 10 15 10 15 10 10 15 10 10 10 10 10 10 10 15 10 10 10 10 15 10 10 12 10 10 10 10 10 10 17 10 10 10 10 10 10 10 10 10 10 10 10 10 15 10 10 10 12 10 10 15 10 10 10 10 10 10 10 10 10 10 10 15 10 10 10 10 10 10 15 10 10 17 10 15 10 10 10 10 15 10 15 10 10 15 15 10 15 10 10 10 10 10 10 10 10 10 10 10 10 10 15 10 15 10 17 15 10 10 10 10 10 10 10 10 10 10 10 10 10 10 10 12 10 10 15
10 10 10 10 10 10 10 10 17 10 17 10 10 10 10 10 10 15 10 10 10 10 10 10 15 10 10 10 10 10 10 10 10 10 10 10 15 10 10 10 10 10 10 10 10 10 17 10 15 10 10 10 10 15 10 10 10 10 10 15 10 15 10 10 10 10 10 10 10 15 10 10 10 10 10 15 10 15 10 10 15 10 10 10 10 10 10 10 10 17 10 10 10 10 10 10 10 10 10 15 10 10 10 10 10 10 10 10 10 10 10 10 10 10 10 10 10 15 10 15 10 10 10 10 15 10 10 10 17 10 10 10 10 10 10 10 15 10 10 15 10 10 10 15 10 10 17 10 15 10 10 10 10 15 10 10 10 10 15 10 10 15 10 10 10 10 10 10 10 10 10 10 10 10 10 15 10 15 10 10 15 10 10 10 10 10 10 10 15 10 10 10 10 15 10 10 10 10 10 15
9 9 9 9 9 9 9 9 17 9 17 9 9 9 9 9 9 15 9 9 9 9 9 9 15 9 9 9 9 9 9 9 9 9 9 9 9 9 9 9 9 15 9 9 9 9 17 9 15 9 9 9 9 9 9 9 9 9 9 15 9 15 9 9 17 9 9 9 9 9 9 9 9 9 9 9 9 15 9 9 9 9 9 9 9 9 9 9 9 17 9 9 9 15 9 9 9 9 9 15 9 9 9 9 9 9 9 9 9 9 17 9 9 9 9 9 9 15 9 9 9 9 9 9 15 9 9 9 17 9 9 9 9 9 9 9 15 9 9 9 9 9 9 9 9 9 17 9 17 9 9 9 9 15 9 9 9 9 9 15 9 15 9 9 9 9 9 9 9 9 9 9 9 9 9 9 9 9 9 9 9 9 9 9 9 9 9 9 9 17 9 9 9 15 9 9 9 9 9 9
9 9 9 9 9 9 9 9 9 9 17 9 9 9 9 9 9 15 9 15 9 9 9 9 15 9 9 9 17 9 9 9 9 9 9 9 15 9 9 9 9 9 9 9 9 9 17 9 15 9 9 9 9 15 9 9 9 9 9 15 9 15 9 9 9 9 9 9 9 15 9 9 9 9 9 9 9 9 9 9 15 9 9 17 9 9 9 9 15 9 9 9 9 15 9 9 9 9 9 15 9 9 9 9 9 9 9 9 9 9 17 9 9 9 9 9 9 15 9 9 9 9 9 9 15 9 9 9 9 9 9 9 9 9 9 9 15 9 9 9 9 15 9 9 9 9 15 9 15 9 9 17 15 15 9 9 9 9 9 15 9 15 9 9 9 9 9 9 9 9 9 9 9 9 9 9 9 15 9 9 9 9 9 9 9 9 9 9 9 9 9 9 9 15 9 9 9 9 9 15
9 9 9 9 9 9 9 9 9 9 17 15 9 9 9 9 15 15 9 15 9 9 9 9 15 9 9 9 17 9 9 9 9 9 9 9 15 9 9 9 9 9 9 9 9 9 17 9 15 9 9 9 9 15 9 9 9 9 9 15 9 15 9 9 9 9 9 9 9 15 9 9 9 9 9 9 9 15 9 9 15 9 9 9 9 9 9 9 15 9 9 9 9 9 9 9 9 9 9 15 9 9 9 9 15 9 9 9 9 9 9 9 9 9 9 9 15 15 9 15 9 9 9 9 15 9 9 9 17 9 9 9 9 9 9 9 17 9 9 9 9 9 9 9 9 9 9 9 15 9 9 9 9 15 9 9 9 9 9 15 9 15 9 9 9 9 9 9 9 15 9 9 9 9 9 9 9 15 9 9 15 9 9 15 9 9 9 9 9 9 9 9 9 9 9 9 9 9 9 15
9 9 15 9 9 9 9 9 9 9 9 9 9 9 9 9 15 15 9 9 9 9 9 9 15 9 9 9 17 9 9 9 9 9 9 9 15 9 9 9 9 9 9 9 9 9 17 9 15 9 9 9 9 15 9 15 9 9 9 15 9 9 9 9 9 9 9 9 9 9 9 9 9 9 9 9 9 15 9 9 15 9 9 9 9 9 9 9 15 9 9 9 9 9 9 9 9 9 9 15 9 9 9 9 9 9 9 9 9 9 9 15 9 9 9 9 9 15 9 15 9 9 9 9 15 9 9 9 9 9 9 9 9 9 9 9 15 9 9 9 9 15 9 9 9 9 17 9 15 9 9 9 9 9 9 9 9 9 9 9 9 15 9 9 9 9 9 9 9 15 9 9 9 9 9 9 9 15 9 9 9 9 9 9 9 9 9 9 15 9 9 9 9 9 9 9 9 9 9 15
9 9 9 9 9 9 9 9 9 9 9 9 9 9 9 9 15 15 9 9 9 9 9 9 15 9 9 9 17 9 9 9 9 9 9 9 9 9 9 9 9 9 9 9 9 9 9 9 15 9 9 9 9 15 9 9 9 9 9 15 9 9 9 9 9 9 9 9 9 9 9 9 9 9 9 9 9 9 9 9 15 9 9 9 9 9 9 9 9 9 9 9 9 9 9 9 9 9 9 9 9 9 9 9 9 9 9 9 9 9 9 9 9 9 9 9 17 15 9 9 9 9 9 9 15 9 9 9 17 9 9 9 9 9 9 9 15 9 9 9 9 15 9 9 9 9 17 9 15 9 9 9 9 15 9 9 9 9 9 9 9 15 9 9 9 9 9 9 9 9 9 9 9 9 9 9 9 9 9 9 15 9 9 9 9 9 9 9 9 9 9 9 9 9 9 9 9 9 9 9
9 9 9 9 9 9 9 9 9 9 9 9 9 9 9 9 9 9 9 9 9 9 9 9 15 9 9 9 9 9 9 9 9 9 9 9 9 9 9 9 9 9 9 9 9 9 9 9 15 9 9 9 9 15 9 9 15 9 9 9 9 9 9 9 9 9 9 9 9 9 9 9 9 9 9 9 9 15 9 9 9 9 9 9 9 9 9 9 9 9 9 9 9 9 9 9 9 9 9 9 9 9 9 9 9 9 9 9 9 9 9 9 9 9 9 9 9 15 9 9 9 9 9 9 15 9 9 9 9 9 9 9 9 9 9 9 9 9 9 9 9 9 9 9 9 9 9 9 15 9 9 9 9 9 9 9 9 9 9 9 9 15 9 9 9 9 9 9 15 9 9 9 9 9 9 9 9 15 9 9 9 9 9 9 9 9 9 9 9 9 9 9 9 9 9 9 9 9 9 9
