0.567234 0.609444 0.881869 0.990262 0.594857 0.712571
0.567234 0.609444 0.881869 0.990262 0.594857 0.712571
0.567234 0.609444 0.861682 0.990262 0.594857 0.712571
0.567234 0.609444 0.861682 0.990262 0.594857 0.586614
0.696029 0.609444 0.861682 0.990262 0.594857 0.586614
0.696029 0.609444 0.861682 0.990262 0.594857 0.556229
0.696029 0.609444 0.852752 0.990262 0.594857 0.556229
0.696029 0.482072 0.852752 0.990262 0.594857 0.556229
0.696029 0.482072 0.852752 0.990262 0.594857 0.556229
0.696029 0.482072 0.852752 0.990262 0.594857 0.556229
0.696029 0.482072 0.693015 0.990262 0.594857 0.536641
0.696029 0.482072 0.705699 0.990262 0.594857 0.536641
0.696029 0.482072 0.705699 0.990262 0.61034 0.536641
0.696029 0.482072 0.619694 0.990262 0.61034 0.536641
0.758182 0.482072 0.619694 0.990262 0.61034 0.536641
0.758182 0.482072 0.619694 0.990262 0.61034 0.536641
0.758182 0.482072 0.619694 0.990262 0.61034 0.536641
0.758182 0.482072 0.619694 0.990262 0.61034 0.536641
0.758182 0.482072 0.619694 0.990262 0.61034 0.303243
0.758182 0.482072 0.619694 0.990262 0.61034 0.357621
0.758182 0.482072 0.619694 0.990262 0.61034 0.357621
0.758182 0.567583 0.619694 0.990262 0.61034 0.440486
0.758182 0.567583 0.619694 0.990262 0.61034 0.440486
0.758182 0.567583 0.619694 0.990262 0.61034 0.440486
0.758182 0.567583 0.619694 0.990262 0.549308 0.440486
0.757039 0.567583 0.619694 0.990262 0.445371 0.440486
0.757039 0.567583 0.680025 0.990262 0.445371 0.440486
0.757039 0.356731 0.680025 0.990262 0.445371 0.440486
0.757039 0.356731 0.680025 0.990262 0.445371 0.440486
0.757039 0.356731 0.680025 0.990262 0.445371 0.440486
0.757039 0.356731 0.680025 0.990262 0.404923 0.440486
0.757039 0.356731 0.70139 0.990262 0.404923 0.440486
0.757039 0.356731 0.70139 0.990262 0.404923 0.440486
0.757039 0.356731 0.70139 0.990262 0.404923 0.440486
0.757039 0.356731 0.70139 0.990262 0.404923 0.440486
0.757039 0.356731 0.70139 0.990262 0.404923 0.440486
0.757039 0.356731 0.70139 0.990262 0.404923 0.440486
0.757039 0.297444 0.670363 0.990262 0.404923 0.440486
0.757039 0.297444 0.670363 0.990262 0.404923 0.440486
0.757039 0.301656 0.670363 0.990262 0.404923 0.440486
0.757039 0.301656 0.670363 0.990262 0.404923 0.440486
0.757039 0.301656 0.670363 0.9687 0.404923 0.440486
0.757039 0.301656 0.670363 0.9687 0.404923 0.440486
0.757039 0.301656 0.670363 0.9687 0.404923 0.440486
0.757039 0.301656 0.670363 0.9687 0.327461 0.440486
0.665705 0.301656 0.670363 0.9687 0.327461 0.440486
0.665705 0.301656 0.670363 0.9687 0.327461 0.440486
0.665705 0.301656 0.670363 0.974315 0.327461 0.440486
0.598974 0.301656 0.670363 0.974315 0.327461 0.440486
0.598974 0.301656 0.670363 0.974315 0.327461 0.440486
0.598974 0.301656 0.670363 0.974315 0.327461 0.440486
0.598974 0.301656 0.670363 0.974315 0.327461 0.440486
0.598974 0.301656 0.670363 0.974315 0.327461 0.440486
0.598974 0.28888 0.744038 0.974315 0.327461 0.440486
0.598974 0.28888 0.744038 0.974315 0.246677 0.440486
0.598974 0.28888 0.661933 0.974315 0.246677 0.440486
0.598974 0.28888 0.510885 0.974315 0.282108 0.440486
0.600205 0.28888 0.510885 0.974315 0.282108 0.440486
0.600205 0.28888 0.423825 0.974315 0.282108 0.440486
0.600205 0.28888 0.423825 0.974315 0.282108 0.440486
0.600205 0.28888 0.326383 0.974315 0.334149 0.440486
0.600205 0.28888 0.326383 0.976418 0.334149 0.33772
0.600205 0.28888 0.282527 0.976418 0.334149 0.33772
0.600205 0.30163 0.282527 0.976418 0.334149 0.33772
0.600205 0.30163 0.282527 0.976418 0.357065 0.33772
0.600205 0.30163 0.282527 0.976418 0.357065 0.33772
0.600205 0.30163 0.282527 0.976418 0.357065 0.275182
0.600205 0.321 0.282527 0.976418 0.357065 0.186885
0.600205 0.321 0.282527 0.957673 0.357065 0.186885
0.600205 0.321 0.282527 0.957673 0.357065 0.186885
0.600205 0.321 0.282527 0.957673 0.357065 0.186885
0.600205 0.321 0.282527 0.994228 0.357065 0.186885
0.600205 0.321 0.282527 0.994228 0.357065 0.186885
0.600205 0.292659 0.282527 0.994228 0.357065 0.186885
0.600205 0.394872 0.282527 0.994228 0.357065 0.186885
0.600205 0.394872 0.282527 0.994228 0.486185 0.186885
0.600205 0.394872 0.282527 0.994228 0.486185 0.148614
0.600205 0.394872 0.282527 0.994228 0.486185 0.148614
0.600205 0.274411 0.282527 0.949202 0.486185 0.148614
0.600205 0.274411 0.282527 0.949202 0.486185 0.148614
0.600205 0.274411 0.282527 0.949202 0.486185 0.148614
0.600205 0.274411 0.282527 0.949202 0.486185 0.148614
0.600205 0.223141 0.285666 0.949202 0.486185 0.148614
0.600205 0.343959 0.285666 0.949202 0.486185 0.148614
0.600205 0.358244 0.391829 0.949202 0.486185 0.148614
0.600205 0.358244 0.360525 0.802575 0.486185 0.192133
0.600205 0.358244 0.350899 0.802575 0.486185 0.192133
0.647 0.358244 0.350899 0.802575 0.486185 0.251873
0.647 0.358244 0.350899 0.802575 0.486185 0.251873
0.647 0.358244 0.350899 0.802575 0.387202 0.251873
0.647 0.358244 0.350899 0.802575 0.387202 0.251873
0.647 0.358244 0.350899 0.802575 0.387202 0.251873
0.647 0.358244 0.350899 0.802575 0.387202 0.251873
0.647 0.358244 0.350899 0.802575 0.387202 0.251873
0.647 0.358244 0.350899 0.802575 0.387202 0.251873
0.647 0.358244 0.382285 0.802575 0.387202 0.251873
0.647 0.358244 0.372503 0.802575 0.387202 0.251873
0.647 0.358244 0.372503 0.802575 0.387202 0.251873
0.647 0.358244 0.372503 0.783018 0.387202 0.251873
0.647 0.358244 0.372503 0.783018 0.387202 0.251873
