-1908.95 -1082.15 -826.801
-1932.12 -1116.33 -815.786
-1949.22 -1084.63 -864.592
-1927.53 -1088.62 -838.914
-1934.22 -1110.33 -823.89
-1951.1 -1108.08 -843.012
-1937 -1088.16 -848.842
-1946.05 -1102.5 -843.551
-1945.74 -1116.01 -829.731
-1955.67 -1091.99 -863.683
-1960.57 -1114.2 -846.371
-1998.94 -1077.95 -920.987
-2031.32 -1160.28 -871.044
-2001.21 -1121.79 -879.417
-1920.82 -1115.73 -805.082
-1955.11 -1111.39 -843.714
-1954.66 -1133.5 -821.155
-1993.5 -1117.14 -876.358
-1985.69 -1112.92 -872.769
-1980.34 -1109.78 -870.554
-1950.22 -1097.41 -852.805
-2007.27 -1075.28 -931.989
-1986.14 -1081.75 -904.394
-1969.05 -1098.47 -870.58
-1970.11 -1132.82 -837.293
-2037.53 -1087.37 -950.16
-2043.34 -1122.83 -920.507
-1988.94 -1111.82 -877.111
-1951.68 -1120.85 -830.833
-1973.74 -1099.93 -873.807
-1929.04 -1093.63 -835.414
-1921.06 -1088.06 -832.998
-1922.72 -1113.54 -809.178
-1929.26 -1062.04 -867.218
-1942.75 -1064.03 -878.721
-1958.75 -1056.71 -902.043
-1956.2 -1071.06 -885.141
-1897.83 -1097.71 -800.115
-1925.86 -1073.42 -852.439
-1911.38 -1115.29 -796.088
-1932.11 -1095.01 -837.099
-1945.03 -1078.5 -866.531
-1931.73 -1069.1 -862.627
-1929.28 -1080.48 -848.804
-1894.46 -1054.27 -840.19
-1936.61 -1074.65 -861.959
-1931.32 -1088.64 -842.673
-1958.63 -1079.88 -878.751
-1955.61 -1069.95 -885.659
-1947.74 -1089.25 -858.491
-1990.19 -1102.67 -887.521
-2000.22 -1090.3 -909.925
-2004.02 -1115.86 -888.163
-1933.58 -1077.54 -856.038
-1958.82 -1054.14 -904.683
-1977.38 -1083.23 -894.153
-1953.19 -1072.76 -880.43
-1976.16 -1079.05 -897.112
-1926.32 -1097.56 -828.759
-1940.03 -1066.15 -873.881
-1943.57 -1053.69 -889.876
-1968.51 -1081.85 -886.66
-1932.62 -1088.31 -844.304
-1929.98 -1054.88 -875.098
-1945.34 -1078.66 -866.68
-1928.82 -1069.37 -859.455
-1941.35 -1081.23 -860.118
-1948.88 -1050.12 -898.76
-1936.61 -1076.37 -860.243
-1922.8 -1078.57 -844.229
-1935.89 -1051.68 -884.21
-1972.06 -1071.77 -900.291
-1979.96 -1059.1 -920.864
-1994.14 -1052.83 -941.312
-1983.59 -1046.22 -937.372
-1967.85 -1075.14 -892.717
-1985.49 -1050.13 -935.366
-1982.11 -1032.56 -949.546
-1988.4 -1079.16 -909.237
-1965.81 -1057.41 -908.403
-2000.05 -1069.29 -930.763
-2006.85 -1053.8 -953.05
-2048.51 -1069.74 -978.771
-2022.82 -1055.85 -966.966
-1998.83 -1070.44 -928.39
-1994.48 -1084.34 -910.133
-1995.35 -1061.93 -933.424
-1992.15 -1073.58 -918.572
-1970.87 -1062.82 -908.056
-1969.43 -1070.44 -898.991
-1994.31 -1062.62 -931.687
-1975.53 -1062.38 -913.144
-1997.91 -1094.05 -903.857
-1978.82 -1081.11 -897.711
-1985.03 -1109.67 -875.36
-1977.79 -1077.43 -900.36
-1962.72 -1082.02 -880.704
-1977.34 -1090.61 -886.73
-1994.88 -1040.44 -954.439
-1988.4 -1077.27 -911.137
