-0.452178 -0.0454512 -0.186775 -0.669145 0.126144 -0.0603542 0.204522 -0.518455 0.210836 -0.340016
-0.452178 -0.0454512 -0.186775 -0.669145 0.126144 -0.0603542 0.204522 -0.262167 0.210836 -0.340016
-0.452178 -0.0454512 -0.186775 -0.669145 0.126144 -0.0603542 0.204522 -0.462446 0.210836 -0.340016
-0.212408 -0.0454512 -0.186775 -0.669145 0.126144 -0.0603542 0.204522 -0.462446 0.210836 -0.340016
-0.212408 -0.0454512 -0.186775 -0.669145 0.126144 0.153754 0.204522 -0.462446 0.210836 -0.340016
-0.212408 -0.0454512 -0.186775 -0.669145 0.126144 0.153754 0.204522 -0.462446 0.234028 -0.340016
-0.212408 -0.0454512 -0.186775 -0.669145 0.126144 0.153754 0.204522 -0.311503 0.234028 -0.340016
-0.212408 -0.0454512 -0.186775 -0.669145 0.126144 0.153754 0.204522 -0.311503 0.234028 -0.347752
-0.212408 -0.0553924 -0.186775 -0.669145 0.126144 0.153754 0.204522 -0.311503 0.234028 -0.347752
-0.212408 -0.0553924 -0.186775 -0.669145 0.126144 0.211112 0.204522 -0.311503 0.234028 -0.347752
