0.381145 0.597524 -0.572779 0.450507 -0.43992 -0.0132679 0.233102 -0.027205 0.459888 0.293182
0.381145 0.597524 -0.572779 0.450507 -0.43992 -0.0132679 0.233102 -0.027205 0.459888 0.116221
0.061897 0.597524 -0.572779 0.450507 -0.43992 -0.0132679 0.233102 -0.027205 0.459888 0.116221
0.061897 0.597524 -0.572779 0.344718 -0.43992 -0.0132679 0.233102 -0.027205 0.459888 0.116221
0.0908596 0.597524 -0.572779 0.344718 -0.43992 -0.0132679 0.233102 0.130049 0.459888 0.116221
0.0908596 0.597524 -0.572779 0.344718 -0.43992 -0.0132679 0.233102 0.130049 0.459888 0.116221
0.0908596 0.597524 -0.572779 0.344718 -0.43992 -0.0132679 0.233102 0.130049 0.459888 0.116221
0.0908596 0.597524 -0.402394 0.344718 -0.43992 -0.0132679 0.233102 0.130049 0.459888 0.116221
0.0908596 0.52041 -0.402394 0.344718 -0.43992 -0.226991 0.233102 0.130049 0.459888 0.116221
0.0908596 0.52041 -0.402394 0.164007 -0.43992 -0.226991 0.233102 0.130049 0.150305 0.116221
