0.469459 0.554964 -0.545022 0.1091 -0.598705 -0.382171 0.767545 -0.326899 0.582641 -0.743168
0.469459 0.554964 -0.499074 0.1091 -0.598705 -0.382171 0.767545 -0.418173 0.582641 -0.743168
0.469459 0.554964 -0.499074 0.1091 -0.598705 -0.652602 0.767545 -0.418173 0.582641 -0.743168
0.469459 0.554964 -0.499074 0.1091 -0.598705 -0.652602 0.767545 -0.418173 0.582641 -0.743168
0.469459 0.554964 -0.499074 0.1091 -0.598705 -0.652602 0.767545 -0.418173 0.582641 -0.0742501
0.548463 0.554964 -0.499074 0.1091 -0.626543 -0.011761 0.767545 -0.418173 0.582641 -0.0742501
0.548463 0.332862 0.197768 0.1091 -0.626543 -0.011761 0.767545 -0.418173 0.582641 -0.0742501
0.548463 0.332862 0.197768 0.1091 -0.626543 -0.011761 0.767545 -0.418173 0.582641 -0.0742501
0.335268 0.332862 0.197768 0.1091 -0.626543 -0.0829825 0.767545 -0.0355596 0.303951 -0.0742501
0.335268 0.332862 0.197768 0.1091 -0.570084 -0.0829825 0.767545 -0.0355596 0.303951 -0.0742501
